-5.15250740834065
-5.54917491928580
-5.34562396840352
-4.72256278202690
-3.99759628987941
-3.35158027285008
-2.72948680349973
-2.40437398711731
-2.26837263534651
-2.19144717118087
-5.83135627352243
-6.30826077289474
-5.87858945483584
-5.03128670763901
-4.05054966880522
-3.32177751878388
-2.80028201495711
-2.49520198590995
-2.31765828741409
-2.28961333089814
-5.76953240884582
-6.24892329585273
-5.75961499321723
-4.89107517303111
-3.68649021984939
-2.99653270143764
-2.72901535155372
-2.49642823840670
-2.32211137320932
-2.31453964065796
-5.24452198511354
-5.61772673205959
-5.27515721120019
-4.30126241527532
-3.10365116606869
-2.65839211460713
-2.54940478997699
-2.43248515466789
-2.40683057093149
-2.38804005372641
-4.46162551539465
-4.80188054762017
-4.56773327841585
-3.65485964632881
-2.73586118740907
-2.43404435757830
-2.32384053680209
-2.38581996478716
-2.53583776933302
-2.43886625490667
-3.63537488278472
-3.95725357818568
-3.65125665132447
-2.95770533436462
-2.39527764983642
-2.10233406351001
-2.22691334870037
-2.50034949932657
-2.56480313862398
-2.38916578455646
-2.66941114785260
-2.94726661015868
-2.77475397112644
-2.30021605217574
-1.73410472155053
-1.50112453269572
-1.87564396733604
-2.38115547584609
-2.58008695750874
-2.27962874811204
-2.02909880969704
-2.06843759540653
-2.03304135614113
-1.83195539504480
-1.57317283985082
-1.39431056338679
-1.76398602640140
-2.16487607927247
-2.22007102822397
-2.13529145666353
-1.74821441082545
-1.88293980838364
-1.83725201267766
-1.80572582082547
-1.74739571831879
-1.81627836224363
-2.01013877150085
-2.25061675281298
-2.32631439504350
-2.12799658238160
-1.60294375391562
-1.75669837519474
-1.89745707713303
-1.99285550540822
-2.13765982816362
-2.28074056602923
-2.52548896761112
-2.67770025695956
-2.64185931719954
-2.28386284792260
-3.21200264133586
-4.00030028475573
-4.73164530712562
-5.20781029949337
-5.40454478093964
-5.10666486895239
-4.39957327415945
-3.84053065349016
-3.44719886350118
-3.18231969275391
-3.52209294451908
-4.33035615733030
-5.08286303813114
-5.56773716283237
-5.71643459188824
-5.30991551160016
-4.61879179045311
-3.97530394826581
-3.55836663959610
-3.31637360978132
-3.43362647623041
-4.23860904556857
-4.94502757752663
-5.29350562389234
-5.24764681647177
-4.85307486448132
-4.44443171767534
-3.89342154433412
-3.52151499436247
-3.35380652789372
-3.28247615951779
-3.93790188173845
-4.51021501256551
-4.68712431776599
-4.52551342818220
-4.29647345734518
-3.97248698915048
-3.63958940126989
-3.46801901396292
-3.34072747941666
-2.96083347157554
-3.54729298345351
-3.97733886485699
-4.09111708078581
-4.00553926854105
-3.82580073179669
-3.50550980073830
-3.41574011852384
-3.49453277962507
-3.26639507500217
-2.55698293470676
-3.12290845729295
-3.39714170575778
-3.46798394745777
-3.44080617006866
-3.28196917136721
-3.24708144182164
-3.43880047363054
-3.37754332027945
-3.11644302864484
-2.04579351987901
-2.58156167596234
-2.80954809835993
-2.86588159042866
-2.63201901970704
-2.38622121494674
-2.61487326114563
-3.12022617187473
-3.26594177818339
-2.85556463337488
-1.73803106065062
-2.08195502295457
-2.34507646053238
-2.43146688376908
-2.40665234912051
-2.14241050420745
-2.29750403684447
-2.60115456201747
-2.66529969903910
-2.52124785967689
-1.68141080464102
-1.99788797570810
-2.22471555244972
-2.38994571811487
-2.50946991569187
-2.47942082395193
-2.45410410316907
-2.54179836285495
-2.60573765807948
-2.41479392367883
-1.63002098696542
-1.94881487004627
-2.24337677299365
-2.47848497572781
-2.75581329016583
-2.85639106484579
-2.91884638797115
-2.96142978301287
-2.88432571162164
-2.54312287164848
-1.82565610758054
-2.23527740707973
-2.58421550643879
-2.89099964128079
-3.25540660942494
-3.74754189339847
-4.47836196579459
-5.12374668713399
-5.42909498079793
-5.19062349546813
-2.05497892884540
-2.47016231502381
-2.84262347814338
-3.13060024960456
-3.49086946580519
-3.91980636711418
-4.59867749341389
-5.38014665748520
-5.90099040263343
-5.61396020846639
-2.04526908209607
-2.50295511500019
-2.88683657029642
-3.23481484478392
-3.59898001547762
-3.85475518975021
-4.16722729202485
-4.86355888752472
-5.54827265813013
-5.54813057877596
-1.98579117724816
-2.40238033791627
-2.87211807006627
-3.27348989988425
-3.65789046635479
-3.70819205185463
-3.82109188895083
-4.16976029655706
-4.77061852606866
-4.96597784338259
-1.89894375004516
-2.35826621418764
-2.82212140987058
-3.29048216486196
-3.63187326021084
-3.54787642121491
-3.50386693027103
-3.65621269479977
-4.30923031480000
-4.26458445461257
-1.72939153590829
-2.26870679455159
-2.68086027455002
-3.11790994691912
-3.35309734569878
-3.30539651374026
-3.30911784956482
-3.68424020311844
-3.84209733756061
-3.85509481710403
-1.54754906950994
-2.09051901416208
-2.53470558429812
-2.82232252452742
-2.83398149637514
-2.54816999341290
-2.58854763134893
-3.23382425309047
-3.56305905454236
-3.33659526323911
-1.49345470251142
-1.92167302301152
-2.36137146522046
-2.62118166558070
-2.74923040677830
-2.39217515314527
-2.26523853725490
-2.48603348361268
-2.70484031048256
-2.72043083469747
-1.56815828671341
-2.01047189887878
-2.34509755195281
-2.65920097604207
-2.88686200281867
-2.73302107151703
-2.44729957215921
-2.34843410397034
-2.45485847595280
-2.42791753501991
-1.57526336925704
-1.99674592664872
-2.40084854808776
-2.71519133417518
-3.05109450779402
-3.11521004683292
-2.95790430398526
-2.82381176901694
-2.76248263577762
-2.52624268646816
-4.12719753321746
-4.33249944346044
-4.22281187265991
-3.85992538348381
-3.44360155098737
-3.07960078178713
-2.67689767701554
-2.47326582130904
-2.34933151752841
-2.26105019284086
-5.40618462077829
-5.60853264151590
-5.23580133189665
-4.64910261160729
-3.94513782928583
-3.41998175994537
-3.02745152271903
-2.68775073860424
-2.50888999650424
-2.38644145030194
-6.59621920731649
-7.13104341382645
-6.59220406269031
-5.40596532154428
-4.19454939891403
-3.53580978081390
-3.19330222885899
-2.84151644844278
-2.60477853911278
-2.48134539710594
-8.19790075065453
-9.48039859609115
-8.59845099169433
-6.37955843608784
-4.36536834873277
-3.55510471770261
-3.19558489425007
-2.95442115464342
-2.75949974567381
-2.60295583657046
-9.86497538039147
-12.4117234318856
-10.7712859320171
-7.08256827036217
-4.43494344836592
-3.46980635081281
-3.09007301503707
-2.98269081155295
-2.91084116122368
-2.70655537157943
-9.59217911621796
-12.1770942818294
-10.3662517086457
-6.64690280876981
-4.24207324742599
-3.11560569281530
-2.98186648206701
-3.04185975282766
-3.00806954597904
-2.68454359644171
-7.14336215601272
-8.42588806644639
-7.40444215643736
-5.15071254171101
-3.29578011373733
-2.60374492541316
-2.75637253806473
-3.01520420600462
-3.02857225510772
-2.61834409313821
-4.91130798745466
-5.19129341590908
-4.75196939584087
-3.65787029812476
-2.63651924811270
-2.27196838883612
-2.64546991593724
-2.95343713478822
-2.81478798457653
-2.57292209275079
-3.61952068936979
-3.73558531148142
-3.43618451684593
-2.92865681123552
-2.46973765552672
-2.46723818454969
-2.78246901833951
-3.02983314974640
-2.97584653219558
-2.63470833675719
-2.87883683717258
-2.97057765287705
-2.97637442687643
-2.77242563393492
-2.66305259280083
-2.76994718192433
-3.17014900962296
-3.36860229256493
-3.24975627276749
-2.77189500320243
-1.93839146092297
-2.33826489159681
-2.73504802805514
-3.04735885212333
-3.41212850536332
-3.76474293573840
-4.05627270745751
-4.30722760388963
-4.41009379251500
-4.26789245062035
-2.23152611336953
-2.67963633283611
-3.11101695674911
-3.52312384706244
-4.03673937472061
-4.50533570572394
-4.92447839688772
-5.18733443586957
-5.31031988520375
-4.96265388219864
-2.27291582205500
-2.80401531220881
-3.33506990051558
-3.85998326137540
-4.59866115714251
-5.20035967324647
-5.69641162824873
-6.24229760771055
-6.46502004701178
-5.87557072739033
-2.26892474185168
-2.81652339620343
-3.46839557173632
-4.21483918571416
-5.12510984967171
-5.75995725091181
-6.71881734970499
-7.96543084358076
-8.49065207416538
-7.31280119853889
-2.24378866037606
-2.85704287598949
-3.58089368722474
-4.45732924959271
-5.40146642376418
-6.15540941885371
-7.52676835691000
-9.44868133375953
-10.6009804043883
-8.91272340113434
-2.18154641798207
-2.88678859648469
-3.63034923308870
-4.54086391435093
-5.34709675531568
-6.18078254423719
-7.48246418628028
-9.55608172719997
-10.5171067074109
-8.75008672843257
-2.10056336902877
-2.88548910413892
-3.65544445287934
-4.42041307702041
-5.03644219687230
-5.36157635043549
-6.04824132844636
-7.72299941295021
-8.43519805550520
-7.20830877586882
-2.14716470372986
-2.83415984218206
-3.57804822064291
-4.29675297878773
-4.85931290613996
-4.80181555394373
-4.84210854610334
-5.39890501406578
-5.79950520454779
-5.44234386393745
-2.24518590100215
-2.92012445379977
-3.55985088631744
-4.19379790591542
-4.72854064441430
-4.68600992866053
-4.35513395821015
-4.29002851659062
-4.43711752050928
-4.28357051550522
-2.20243576847698
-2.84940089392552
-3.42682972524041
-4.03776544789113
-4.56842313394790
-4.73634263638516
-4.46535326115407
-4.27159660690885
-4.21603024826135
-3.89528747124718
-1.50316883195733
-1.62483469210617
-1.69958812606302
-1.71522550086628
-1.79957970073697
-1.87342506298969
-1.84334869289546
-1.85681350228545
-1.89787153654275
-1.87678092698015
-1.77462865736187
-1.84143548842141
-1.85680864699954
-1.89400430711811
-1.98822556482461
-2.06843881893838
-2.14824094894537
-2.06922310168063
-2.06098627494522
-1.99966370660858
-1.75329280665555
-1.81730550678919
-1.81532691611986
-1.83924870971569
-1.97579459093584
-2.18267720610136
-2.25608617346030
-2.19757697422862
-2.11163129809887
-2.02720513097728
-1.76010361843596
-1.80308554717979
-1.77985194469077
-1.79838292224959
-1.91392139402441
-2.12318526120997
-2.29070457471578
-2.36103345914472
-2.30422993051437
-2.15731791153371
-1.91373881969012
-1.93598276072004
-1.84234548897494
-1.76103791677342
-1.75665578169347
-2.01036076039064
-2.31653154492019
-2.52824185188719
-2.45184155478312
-2.37010517983984
-2.31478995108858
-2.36256646718342
-2.20492533089895
-1.87643770352257
-1.74540678833778
-1.96003198827524
-2.35798714099638
-2.55205701903278
-2.65021141409239
-2.40386445454245
-3.20267159496200
-3.24118437733757
-2.80557370564189
-2.14709369017801
-1.90549422585981
-2.33361594573976
-2.87959505340975
-2.90353713777020
-2.82968772831828
-2.54685184094270
-3.91693165049165
-4.17728993272391
-3.36770098125511
-2.24191339963519
-1.55106559812253
-2.19946842366593
-3.24470827720234
-3.57212422414117
-3.27965397065505
-2.89182252994165
-4.13992147432126
-4.17582530355840
-3.42294833470177
-2.21741156856990
-1.32068774282565
-1.95780465682206
-3.33389248550835
-3.98944754286242
-3.78857880739292
-3.20455768599338
-3.96230341151459
-3.81004648529950
-3.28214645219289
-2.27644064345164
-1.55805198051973
-1.98417157485701
-3.39613960699829
-4.07736258347926
-3.95707015949167
-3.30611237571128
-1.76095044476982
-2.03461505830503
-2.29014421586348
-2.45231473894625
-2.62828556141861
-2.75375482891148
-2.75544845532753
-2.73189793464411
-2.72008363180328
-2.62846766246048
-2.07494749165612
-2.36431187510067
-2.62720631683308
-2.87005619394940
-3.11166963701341
-3.27839375047653
-3.30650265705970
-3.15808675086194
-3.03409475040607
-2.84115641163276
-2.11600451141385
-2.50390637922724
-2.83407925101946
-3.12970071735841
-3.53090329577427
-3.79072324958592
-3.80447867776874
-3.57507832366386
-3.30581117859825
-3.02500757533014
-2.18937362630809
-2.63077806898719
-3.07838194335767
-3.55844401045845
-4.07768787052893
-4.25730975083480
-4.22525415274332
-4.05958851580108
-3.73692321689795
-3.31931049490951
-2.35527761247542
-2.92038932149310
-3.52606379738708
-4.16599645605926
-4.63478948704520
-4.85238374352061
-4.86247439241704
-4.67688572734836
-4.13774247448164
-3.74607114381139
-2.57821530464555
-3.41939107190731
-4.30326950813295
-5.17982920455277
-5.68309497293940
-5.90624016756489
-5.65059118535149
-5.13719789930439
-4.71100295866370
-3.98390903954649
-2.98796764128684
-4.10416548026214
-5.33144555464999
-6.66780843681952
-7.78390217763540
-8.10514994534337
-7.45728986842763
-6.18262195657594
-5.22510198959398
-4.40354420280536
-3.43832843765636
-4.70526001765116
-6.29336549303357
-8.12793865621690
-9.51911161408854
-9.61701859040044
-8.89637827079146
-7.66104691042139
-6.19294115369496
-5.05438880695745
-3.74045256579175
-5.06536035751696
-6.59819093071274
-8.46374753412542
-10.0118383843448
-9.66012154533784
-9.09621287177863
-8.31586227826945
-6.95229285081340
-5.51653933489828
-3.66469379433704
-4.88557514651456
-6.17758833435302
-7.50561670840242
-8.49081709880807
-8.36627886264354
-8.40609981459867
-8.02128156811433
-6.98429313496149
-5.52247750404638
-1.63316857036407
-1.93320938460910
-2.18862580732969
-2.34527412838544
-2.51226207458783
-2.67313040747422
-2.69976651015176
-2.74552987976759
-2.73836675048596
-2.66869118591764
-1.90752302109421
-2.21116989961664
-2.48060945567974
-2.73379628392432
-3.02582043057171
-3.18604847220579
-3.23667546388607
-3.11793012816887
-3.04584883184139
-2.87653879332770
-1.94318425156677
-2.34208555989264
-2.65844145862772
-2.97271862856011
-3.39910429148777
-3.62342366299391
-3.62640020571160
-3.45583194462400
-3.27718101187626
-3.03746607809437
-1.99011088936479
-2.40343484648028
-2.83873975635164
-3.33040807625673
-3.87970153034782
-4.01988899436816
-4.02032068562121
-3.93285037312236
-3.68402668679432
-3.34892630258961
-2.05693263135407
-2.55736299259175
-3.12082208908485
-3.78745196271326
-4.33508140381313
-4.51606739077485
-4.59566634834397
-4.48121646116818
-4.05187188055069
-3.87232418984219
-2.15833608251092
-2.86024494383681
-3.59802775037229
-4.38985453664808
-4.96212454538307
-5.28372709389064
-5.16596291131718
-4.77887279681740
-4.71495062534156
-4.37025736173024
-2.35894514719838
-3.25069212123337
-4.17912990008775
-5.18128607009459
-6.13415353721397
-6.54765187477312
-6.26212759794684
-5.83480401278958
-5.84123293329646
-5.60365002575489
-2.66060703674269
-3.60791297605858
-4.71675777803619
-5.86495627009577
-7.02220058336183
-7.47784004112363
-7.04677235773406
-7.68479741371886
-8.68033206430209
-7.65654479645964
-2.91677146620880
-3.90518118588185
-4.96518666555875
-6.11914823006472
-7.38733179032774
-7.61519632266536
-7.14495513623701
-8.06497217384607
-9.84374399500583
-8.61878226103345
-2.92047874298348
-3.84551659569282
-4.78291438642888
-5.89594166058327
-7.07781260375289
-7.54310594442222
-6.85510675635751
-7.16052117216555
-8.20136199245424
-7.60653909891563