-5.13511470000000
-5.62364890000000
-5.35913870000000
-4.67430520000000
-3.96797380000000
-3.36084900000000
-2.81859670000000
-2.41796960000000
-2.27483250000000
-2.19023360000000
-5.72996900000000
-6.31476330000000
-5.92576310000000
-4.92900370000000
-3.97704630000000
-3.31355440000000
-2.81324690000000
-2.44758420000000
-2.33867700000000
-2.30406850000000
-5.66686970000000
-6.24268280000000
-5.83101710000000
-4.70396400000000
-3.60677580000000
-2.99909090000000
-2.67378800000000
-2.43177020000000
-2.34602520000000
-2.31338210000000
-5.17404050000000
-5.69304840000000
-5.30575690000000
-4.22382900000000
-3.18843550000000
-2.70684590000000
-2.55615430000000
-2.43574130000000
-2.38629400000000
-2.34787080000000
-4.46506480000000
-4.89609790000000
-4.55858360000000
-3.66844740000000
-2.83830180000000
-2.48516480000000
-2.43967560000000
-2.43393910000000
-2.46998530000000
-2.40315140000000
-3.60732520000000
-3.91372220000000
-3.64901700000000
-2.98559170000000
-2.35751970000000
-2.10377290000000
-2.24276650000000
-2.44510590000000
-2.56547430000000
-2.43152980000000
-2.72074070000000
-2.89410390000000
-2.71277040000000
-2.25941100000000
-1.76588980000000
-1.59674100000000
-1.93270330000000
-2.37152580000000
-2.52578630000000
-2.30790190000000
-2.04993330000000
-2.14328200000000
-2.05143940000000
-1.80817580000000
-1.51366170000000
-1.43630240000000
-1.77483790000000
-2.22143910000000
-2.35193100000000
-2.13114270000000
-1.72689990000000
-1.83757340000000
-1.84582690000000
-1.80754970000000
-1.76433720000000
-1.80531870000000
-2.05637090000000
-2.30697640000000
-2.35822860000000
-2.12811380000000
-1.56835000000000
-1.73358560000000
-1.84950590000000
-1.96972850000000
-2.16024220000000
-2.31805570000000
-2.51130640000000
-2.65869020000000
-2.60980950000000
-2.28397140000000
-3.24196820000000
-3.98431880000000
-4.65748910000000
-5.20730760000000
-5.42808690000000
-5.17794310000000
-4.53483870000000
-3.85979300000000
-3.46380720000000
-3.18171020000000
-3.50815270000000
-4.29560030000000
-5.00967130000000
-5.56219790000000
-5.70448870000000
-5.34442750000000
-4.64535800000000
-3.95638840000000
-3.58442220000000
-3.35006790000000
-3.48491050000000
-4.23049920000000
-4.86386430000000
-5.28674820000000
-5.26663300000000
-4.85900080000000
-4.32167420000000
-3.82509190000000
-3.53871130000000
-3.33838900000000
-3.27751520000000
-3.96651730000000
-4.46085970000000
-4.72138700000000
-4.61336730000000
-4.27224240000000
-3.92373060000000
-3.61205950000000
-3.42660960000000
-3.27548920000000
-2.95120450000000
-3.58052130000000
-3.96454030000000
-4.12668340000000
-4.04158510000000
-3.81778250000000
-3.59780660000000
-3.42287030000000
-3.35705200000000
-3.21065200000000
-2.53111720000000
-3.07733770000000
-3.38733510000000
-3.48018790000000
-3.38343140000000
-3.21447380000000
-3.21743190000000
-3.30114460000000
-3.34685160000000
-3.13947730000000
-2.08851240000000
-2.52798550000000
-2.78086870000000
-2.83120530000000
-2.66671510000000
-2.47939130000000
-2.66479260000000
-3.03591100000000
-3.15959060000000
-2.88887250000000
-1.77859650000000
-2.12713590000000
-2.34802100000000
-2.43171690000000
-2.33483410000000
-2.15680060000000
-2.27213350000000
-2.64675040000000
-2.77769410000000
-2.55014010000000
-1.67371870000000
-1.99652990000000
-2.22320130000000
-2.40681260000000
-2.50702430000000
-2.44859060000000
-2.45967950000000
-2.58314690000000
-2.63137180000000
-2.42199300000000
-1.60478050000000
-1.92804320000000
-2.19736650000000
-2.47426460000000
-2.77530050000000
-2.88001740000000
-2.89383540000000
-2.92313330000000
-2.84666210000000
-2.52869470000000
-1.87117800000000
-2.24986440000000
-2.56998310000000
-2.91685290000000
-3.28486130000000
-3.73814950000000
-4.37907650000000
-5.08159320000000
-5.45796290000000
-5.25130070000000
-2.07010700000000
-2.46948720000000
-2.81427890000000
-3.18672440000000
-3.52206660000000
-3.89414640000000
-4.52437590000000
-5.34041620000000
-5.84936180000000
-5.69280750000000
-2.08919150000000
-2.50139730000000
-2.87679330000000
-3.29490050000000
-3.62211040000000
-3.81768930000000
-4.21840610000000
-4.94473430000000
-5.56150790000000
-5.55488670000000
-2.01104060000000
-2.46474370000000
-2.87711330000000
-3.34534990000000
-3.67011120000000
-3.71475180000000
-3.79326460000000
-4.22388000000000
-4.77126350000000
-4.94702770000000
-1.88317080000000
-2.38584350000000
-2.83087360000000
-3.30027020000000
-3.61917950000000
-3.62661580000000
-3.54093690000000
-3.70709890000000
-4.08584920000000
-4.27508790000000
-1.72177230000000
-2.24594680000000
-2.69655850000000
-3.10129650000000
-3.33680770000000
-3.30290750000000
-3.28876290000000
-3.50184730000000
-3.80462630000000
-3.84993300000000
-1.56546770000000
-2.06798340000000
-2.48969180000000
-2.81138760000000
-2.90188140000000
-2.72458470000000
-2.74821780000000
-3.12331860000000
-3.43233880000000
-3.35495650000000
-1.50072120000000
-1.95608220000000
-2.33626890000000
-2.63331030000000
-2.70855560000000
-2.43628010000000
-2.26533070000000
-2.55920910000000
-2.81850290000000
-2.76798200000000
-1.54795770000000
-1.97712450000000
-2.32998390000000
-2.66734920000000
-2.88187060000000
-2.71242060000000
-2.43170160000000
-2.40527600000000
-2.52238480000000
-2.46861550000000
-1.54592160000000
-1.95118480000000
-2.30971440000000
-2.69092370000000
-3.06562040000000
-3.09900200000000
-2.90408110000000
-2.80273530000000
-2.74404140000000
-2.53122660000000
-4.11117580000000
-4.35809510000000
-4.20420150000000
-3.84816730000000
-3.46029030000000
-3.08987730000000
-2.72543560000000
-2.44382720000000
-2.34012430000000
-2.24299820000000
-5.30602650000000
-5.64753630000000
-5.32271920000000
-4.61533730000000
-3.93302510000000
-3.42807790000000
-3.00373330000000
-2.65599780000000
-2.50801130000000
-2.41252800000000
-6.57387820000000
-7.16047980000000
-6.61718540000000
-5.35781860000000
-4.21932460000000
-3.56989940000000
-3.16015970000000
-2.80993510000000
-2.60392160000000
-2.46889140000000
-8.16725040000000
-9.40643690000000
-8.47221260000000
-6.22843270000000
-4.42952410000000
-3.58467930000000
-3.23340280000000
-2.95272100000000
-2.74614420000000
-2.57106810000000
-9.80130730000000
-12.3922180000000
-10.6410220000000
-6.96199130000000
-4.49414630000000
-3.47110980000000
-3.17187030000000
-3.01076820000000
-2.89011010000000
-2.68297710000000
-9.58763440000000
-12.2445940000000
-10.3625240000000
-6.58936400000000
-4.11185830000000
-3.12392900000000
-2.99362680000000
-3.02171100000000
-2.98797410000000
-2.73358260000000
-7.24793310000000
-8.42269580000000
-7.37242180000000
-5.07075790000000
-3.25605010000000
-2.59088430000000
-2.76309480000000
-3.01875020000000
-2.99931050000000
-2.65728730000000
-4.97826190000000
-5.34551750000000
-4.78912640000000
-3.61710660000000
-2.56493260000000
-2.28277080000000
-2.66727440000000
-2.99941060000000
-2.94929780000000
-2.57039320000000
-3.60269050000000
-3.73770530000000
-3.47570900000000
-2.94811900000000
-2.46307110000000
-2.43612390000000
-2.84894920000000
-3.11608260000000
-3.02419660000000
-2.62501250000000
-2.84448780000000
-2.98047980000000
-2.93376080000000
-2.77559770000000
-2.70271480000000
-2.81599740000000
-3.14666030000000
-3.34296930000000
-3.21411150000000
-2.75560640000000
-1.96723280000000
-2.35949740000000
-2.69576490000000
-3.06235720000000
-3.42675750000000
-3.75732610000000
-4.07035930000000
-4.34465240000000
-4.46221330000000
-4.25945050000000
-2.24044480000000
-2.68780340000000
-3.10597650000000
-3.59883120000000
-4.09367710000000
-4.52806130000000
-4.92849910000000
-5.24642190000000
-5.31922340000000
-5.00742120000000
-2.32025460000000
-2.81706110000000
-3.33692460000000
-4.00316750000000
-4.70047070000000
-5.27139680000000
-5.80316240000000
-6.29416540000000
-6.40119610000000
-5.89133900000000
-2.29708070000000
-2.86985860000000
-3.50065860000000
-4.33462250000000
-5.19836000000000
-5.92132830000000
-6.74847400000000
-7.86325720000000
-8.35398300000000
-7.37589830000000
-2.23383090000000
-2.89202680000000
-3.61709520000000
-4.52845160000000
-5.47034680000000
-6.32937290000000
-7.50953790000000
-9.53727660000000
-10.6266870000000
-8.93998350000000
-2.16245270000000
-2.88505270000000
-3.65851460000000
-4.54329470000000
-5.42200650000000
-6.21063700000000
-7.35252720000000
-9.39645830000000
-10.6266770000000
-8.99966760000000
-2.11320920000000
-2.85232490000000
-3.61173000000000
-4.40263210000000
-5.07812230000000
-5.46440110000000
-6.07834340000000
-7.34309150000000
-8.17655250000000
-7.32515420000000
-2.13155370000000
-2.83370690000000
-3.52843580000000
-4.23218030000000
-4.75505730000000
-4.74739960000000
-4.66127210000000
-5.24434300000000
-5.74187640000000
-5.42673640000000
-2.20099580000000
-2.85285420000000
-3.46617140000000
-4.11952950000000
-4.64815400000000
-4.58414880000000
-4.19401820000000
-4.15351780000000
-4.35735610000000
-4.24008560000000
-2.15983990000000
-2.74436400000000
-3.30244860000000
-3.91430420000000
-4.50557260000000
-4.60499380000000
-4.30508690000000
-4.13244890000000
-4.07616020000000
-3.82959050000000
-1.49601780000000
-1.64164910000000
-1.68903090000000
-1.73906880000000
-1.80446380000000
-1.84464560000000
-1.83804840000000
-1.83524320000000
-1.88571270000000
-1.85816130000000
-1.73500300000000
-1.86747100000000
-1.89012600000000
-1.92268060000000
-2.00630770000000
-2.08838000000000
-2.09319450000000
-2.04310010000000
-2.04045740000000
-2.00182540000000
-1.76679510000000
-1.86659150000000
-1.87221040000000
-1.90022460000000
-2.02119160000000
-2.18142530000000
-2.24688860000000
-2.18951180000000
-2.12019350000000
-2.03880590000000
-1.75047630000000
-1.81261050000000
-1.80063240000000
-1.79486780000000
-1.89237320000000
-2.10629940000000
-2.30614190000000
-2.35903100000000
-2.30437250000000
-2.17146010000000
-1.89021410000000
-1.93347610000000
-1.86500340000000
-1.74126680000000
-1.72621690000000
-1.94604750000000
-2.27339620000000
-2.46845260000000
-2.48876610000000
-2.33009420000000
-2.38319010000000
-2.47541580000000
-2.26635600000000
-1.90012440000000
-1.71814170000000
-1.96313890000000
-2.35442030000000
-2.58161010000000
-2.61560110000000
-2.42763090000000
-3.19783570000000
-3.39190600000000
-2.93301360000000
-2.16516760000000
-1.76160830000000
-2.16178620000000
-2.76400030000000
-2.97710560000000
-2.87962580000000
-2.54334480000000
-3.91242820000000
-4.12052310000000
-3.40447610000000
-2.21627730000000
-1.50835690000000
-2.13859350000000
-3.28033910000000
-3.60869230000000
-3.35235910000000
-2.80920410000000
-4.12438070000000
-4.21557340000000
-3.40840080000000
-2.11436590000000
-1.21597770000000
-1.88905050000000
-3.40010580000000
-4.06954650000000
-3.80084380000000
-3.13247630000000
-3.85687370000000
-3.86512120000000
-3.24115600000000
-2.23634190000000
-1.56938920000000
-2.06608410000000
-3.37451310000000
-4.06917690000000
-3.92995780000000
-3.27588980000000
-1.74380420000000
-2.02847120000000
-2.22535410000000
-2.42176060000000
-2.59530360000000
-2.69441800000000
-2.71274070000000
-2.70241790000000
-2.69814290000000
-2.57917210000000
-2.03138990000000
-2.35451580000000
-2.59717460000000
-2.86262110000000
-3.11202880000000
-3.25619750000000
-3.25088030000000
-3.14096360000000
-3.02745430000000
-2.85174780000000
-2.13527350000000
-2.49771830000000
-2.81505980000000
-3.19186650000000
-3.56228540000000
-3.77267940000000
-3.75514580000000
-3.55506220000000
-3.30160880000000
-3.02830170000000
-2.18214870000000
-2.62732600000000
-3.06234120000000
-3.56110580000000
-3.98995350000000
-4.21699540000000
-4.24126460000000
-4.06687120000000
-3.74981610000000
-3.34970290000000
-2.29800770000000
-2.89724690000000
-3.51450140000000
-4.13784740000000
-4.57835760000000
-4.75702880000000
-4.76664320000000
-4.58947720000000
-4.22462130000000
-3.71663330000000
-2.57556100000000
-3.42286710000000
-4.32383680000000
-5.19673690000000
-5.78121000000000
-5.93515980000000
-5.67747740000000
-5.19966100000000
-4.64454800000000
-4.01353480000000
-3.01574330000000
-4.15591070000000
-5.41383740000000
-6.73363270000000
-7.71872380000000
-7.88297430000000
-7.29900150000000
-6.30408810000000
-5.32061160000000
-4.38365150000000
-3.49171900000000
-4.82351640000000
-6.34988790000000
-8.15638710000000
-9.58554380000000
-9.52318520000000
-8.94221800000000
-7.70214620000000
-6.29081110000000
-4.94727670000000
-3.80060120000000
-5.13639340000000
-6.63815580000000
-8.49293810000000
-9.98287930000000
-9.52193130000000
-9.12331850000000
-8.40570090000000
-6.98852800000000
-5.44218690000000
-3.74300970000000
-4.90922890000000
-6.16868920000000
-7.58653380000000
-8.66259540000000
-8.45007680000000
-8.34004890000000
-7.98650560000000
-6.94425500000000
-5.51371410000000
-1.61557800000000
-1.89983750000000
-2.10443690000000
-2.31381070000000
-2.50181390000000
-2.62309350000000
-2.68147900000000
-2.71923530000000
-2.74417840000000
-2.63711640000000
-1.87013020000000
-2.19087940000000
-2.44389770000000
-2.72905430000000
-2.99440000000000
-3.15542000000000
-3.19082840000000
-3.14011940000000
-3.06650780000000
-2.91132500000000
-1.94081200000000
-2.29596690000000
-2.62230700000000
-3.02568250000000
-3.41779560000000
-3.63325930000000
-3.64347450000000
-3.51081840000000
-3.32145450000000
-3.09398670000000
-1.94041140000000
-2.36601370000000
-2.79724350000000
-3.32632440000000
-3.79179690000000
-4.02280670000000
-4.06063560000000
-3.97393180000000
-3.76976280000000
-3.45630160000000
-1.97172000000000
-2.51513510000000
-3.08752860000000
-3.72286530000000
-4.22414690000000
-4.44207030000000
-4.48644650000000
-4.44395120000000
-4.25541810000000
-3.91729240000000
-2.10588590000000
-2.81526710000000
-3.57064440000000
-4.36504500000000
-5.00246170000000
-5.26283860000000
-5.13880690000000
-4.95798410000000
-4.77699990000000
-4.46816570000000
-2.35753580000000
-3.23923480000000
-4.18165140000000
-5.20144230000000
-6.12470010000000
-6.46548430000000
-6.16774280000000
-6.01532060000000
-6.11407770000000
-5.62962470000000
-2.66977460000000
-3.64814560000000
-4.69825990000000
-5.90478590000000
-7.05955880000000
-7.37125220000000
-6.97760970000000
-7.61090360000000
-8.66297100000000
-7.55984340000000
-2.91505060000000
-3.89089250000000
-4.91758090000000
-6.15645940000000
-7.39235680000000
-7.64187510000000
-7.08361820000000
-7.98064660000000
-9.78081570000000
-8.55681900000000
-2.91221950000000
-3.79155720000000
-4.72111970000000
-5.85077790000000
-7.03987790000000
-7.45331780000000
-6.99568780000000
-7.32209440000000
-8.25787450000000
-7.73147800000000