25.8194710000000
24.2980390000000
24.1395040000000
24.0882980000000
24.0491480000000
23.9986900000000
23.9665290000000
23.9506150000000
23.9405640000000
23.7716860000000
23.7733310000000
23.7758780000000
23.7751650000000
23.7745490000000
23.7672260000000
23.7512360000000
23.7340980000000
23.7210350000000
23.7154830000000
23.3745320000000
23.3737950000000
23.3765750000000
23.3834400000000
23.3865310000000
23.3866030000000
23.3867370000000
23.3880610000000
23.3910090000000
23.3922290000000
23.7650400000000
23.7628190000000
23.7600950000000
23.7553230000000
23.7351580000000
23.7194590000000
23.7167490000000
23.7174710000000
23.7183570000000
23.7187130000000
23.6251110000000
23.6206160000000
23.6133380000000
23.6011700000000
23.5931080000000
23.5910140000000
23.5885990000000
23.5830110000000
23.5776900000000
23.5757570000000
23.4276900000000
23.4287510000000
23.4295300000000
23.4297660000000
23.4297290000000
23.4295900000000
23.4302760000000
23.4310180000000
23.4310620000000
23.4311600000000
23.5212020000000
23.5201570000000
23.5189490000000
23.5178220000000
23.5176290000000
23.5182350000000
23.5194550000000
23.5197590000000
23.5194090000000
23.5191450000000
23.4960230000000
23.4972970000000
23.4982200000000
23.4981900000000
23.4978600000000
23.4970780000000
23.4958820000000
23.4956150000000
23.4961320000000
23.4963950000000
23.3880490000000
23.3903270000000
23.3927830000000
23.3942170000000
23.3947900000000
23.3951820000000
23.3966430000000
23.3981690000000
23.3982280000000
23.3979690000000
23.7650250000000
23.7642860000000
23.7617910000000
23.7572470000000
23.7548330000000
23.7500820000000
23.7441730000000
23.7389690000000
23.7356750000000
23.7331900000000
23.6484210000000
23.6503720000000
23.6526980000000
23.6529230000000
23.6525120000000
23.6496420000000
23.6406700000000
23.6286920000000
23.6186550000000
23.6142710000000
23.3771680000000
23.3776040000000
23.3824470000000
23.3932680000000
23.3991940000000
23.4001020000000
23.4002410000000
23.4013990000000
23.4037270000000
23.4042400000000
25.1960300000000
24.2627080000000
24.1115220000000
23.9675600000000
23.8827160000000
23.8637780000000
23.8536330000000
23.8442400000000
23.8372300000000
23.7124390000000
23.7071340000000
23.6982860000000
23.6841990000000
23.6758010000000
23.6740630000000
23.6721460000000
23.6668290000000
23.6612790000000
23.6590920000000
23.4896480000000
23.4915280000000
23.4935520000000
23.4944630000000
23.4945090000000
23.4943770000000
23.4954540000000
23.4968670000000
23.4972250000000
23.4975460000000
23.6851210000000
23.6824540000000
23.6800180000000
23.6781250000000
23.6775220000000
23.6778750000000
23.6788680000000
23.6784570000000
23.6769990000000
23.6759240000000
23.6176380000000
23.6187210000000
23.6189470000000
23.6181010000000
23.6166520000000
23.6146990000000
23.6124850000000
23.6119610000000
23.6124200000000
23.6126940000000
23.4687960000000
23.4706400000000
23.4725870000000
23.4737160000000
23.4741370000000
23.4745640000000
23.4761520000000
23.4775320000000
23.4772520000000
23.4767130000000
23.5211100000000
23.5216620000000
23.5215250000000
23.5199330000000
23.5190690000000
23.5168890000000
23.5148370000000
23.5125960000000
23.5109550000000
23.5096640000000
23.4914860000000
23.4932510000000
23.4952510000000
23.4959260000000
23.4957160000000
23.4952050000000
23.4906290000000
23.4827470000000
23.4755780000000
23.4723290000000
23.3294980000000
23.3308540000000
23.3371340000000
23.3506570000000
23.3586190000000
23.3601700000000
23.3603140000000
23.3612700000000
23.3629680000000
23.3628780000000
23.6849870000000
23.6854730000000
23.6866370000000
23.6881450000000
23.6939500000000
23.6978760000000
23.6979360000000
23.6958620000000
23.6933080000000
23.6913460000000
23.6379960000000
23.6375290000000
23.6363610000000
23.6346550000000
23.6345980000000
23.6350850000000
23.6351700000000
23.6335990000000
23.6310790000000
23.6300390000000
23.4875620000000
23.4904660000000
23.4940730000000
23.4958680000000
23.4960450000000
23.4959570000000
23.4973700000000
23.4994270000000
23.5001390000000
23.5006980000000
27.8529100000000
24.3494410000000
24.0981460000000
24.0340300000000
24.0032880000000
23.9804740000000
23.9625110000000
23.9436200000000
23.9294390000000
23.7393060000000
23.7397270000000
23.7375310000000
23.7337940000000
23.7278730000000
23.7215280000000
23.7159390000000
23.7145180000000
23.7141750000000
23.7141930000000
23.5005610000000
23.5013230000000
23.5019990000000
23.5023690000000
23.5024300000000
23.5028840000000
23.5045680000000
23.5054680000000
23.5044890000000
23.5034160000000
23.7706780000000
23.7733450000000
23.7775330000000
23.7817340000000
23.7824920000000
23.7789580000000
23.7684290000000
23.7596250000000
23.7543690000000
23.7509100000000
24.1509010000000
24.2169800000000
24.3730800000000
24.4912280000000
25.6040940000000
24.8662400000000
24.3763450000000
24.1166750000000
24.0504700000000
23.5583130000000
23.5555570000000
23.5556970000000
23.5576970000000
23.5567330000000
23.5553060000000
23.5553750000000
23.5570660000000
23.5612720000000
23.5635020000000
23.6511830000000
23.6504390000000
23.6488520000000
23.6470750000000
23.6410520000000
23.6362590000000
23.6351540000000
23.6350710000000
23.6349420000000
23.6348550000000
23.6629820000000
23.6593190000000
23.6536500000000
23.6436660000000
23.6359660000000
23.6332770000000
23.6305090000000
23.6255110000000
23.6212060000000
23.6194660000000
23.5179450000000
23.5177700000000
23.5165880000000
23.5157460000000
23.5155760000000
23.5154210000000
23.5154880000000
23.5151480000000
23.5146700000000
23.5144040000000
23.4956720000000
23.4951250000000
23.4941950000000
23.4932380000000
23.4930340000000
23.4934970000000
23.4945260000000
23.4949880000000
23.4949590000000
23.4947670000000
23.5096640000000
23.5110380000000
23.5125320000000
23.5132430000000
23.5140010000000
23.5143640000000
23.5141790000000
23.5141560000000
23.5147000000000
23.5149130000000
23.4473290000000
23.4503580000000
23.4536760000000
23.4556270000000
23.4564470000000
23.4568150000000
23.4581800000000
23.4599920000000
23.4605310000000
23.4606500000000
23.4975150000000
23.4983730000000
23.4988180000000
23.4979500000000
23.4973410000000
23.4951520000000
23.4925090000000
23.4897700000000
23.4878380000000
23.4863840000000
23.5095740000000
23.5111780000000
23.5129130000000
23.5137970000000
23.5136870000000
23.5143970000000
23.5120170000000
23.5060780000000
23.5002130000000
23.4974450000000
23.4132800000000
23.4153310000000
23.4228560000000
23.4387900000000
23.4484870000000
23.4505490000000
23.4507010000000
23.4515400000000
23.4528380000000
23.4523040000000
23.6157370000000
23.6166150000000
23.6173700000000
23.6193170000000
23.6283290000000
23.6350310000000
23.6353860000000
23.6334260000000
23.6311120000000
23.6296110000000
23.6871060000000
23.6892520000000
23.6924480000000
23.6979160000000
23.7023340000000
23.7038790000000
23.7052590000000
23.7070630000000
23.7076740000000
23.7076340000000
23.6105930000000
23.6145260000000
23.6196950000000
23.6223610000000
23.6226650000000
23.6226190000000
23.6243460000000
23.6270130000000
23.6280640000000
23.6288500000000
23.7246890000000
23.7261830000000
23.7264850000000
23.7263100000000
23.7258990000000
23.7253450000000
23.7249450000000
23.7253660000000
23.7258960000000
23.7252720000000
23.9630040000000
24.0106620000000
24.1179330000000
24.1909070000000
25.0858020000000
24.0532780000000
23.9823520000000
23.9575480000000
23.9346620000000
23.6570240000000
23.6569630000000
23.6566290000000
23.6563720000000
23.6560870000000
23.6566180000000
23.6585860000000
23.6590830000000
23.6572350000000
23.6554590000000
23.3742890000000
23.3756540000000
23.3774520000000
23.3787420000000
23.3788470000000
23.3768320000000
23.3722610000000
23.3682160000000
23.3656720000000
23.3639600000000
23.5777040000000
23.5701350000000
23.5591930000000
23.5563550000000
23.5562000000000
23.5595700000000
23.5655880000000
23.5701800000000
23.5728100000000
23.5731230000000
31.1599418000000
25.9765270000000
24.7823240000000
24.2357320000000
24.1354890000000
24.1112920000000
24.0884500000000
24.0564380000000
24.0334530000000
23.3770230000000
23.3771530000000
23.3767570000000
23.3770010000000
23.3792830000000
23.3808890000000
23.3806240000000
23.3796480000000
23.3784850000000
23.3777730000000
23.4733440000000
23.4743770000000
23.4764670000000
23.4798950000000
23.4812100000000
23.4810540000000
23.4812700000000
23.4833040000000
23.4861010000000
23.4871380000000
23.6626300000000
23.6503350000000
23.6330170000000
23.6232990000000
23.6216760000000
23.6215380000000
23.6182970000000
23.6127500000000
23.6101430000000
23.6081500000000
23.3294320000000
23.3295640000000
23.3290890000000
23.3284530000000
23.3282350000000
23.3284220000000
23.3290440000000
23.3295860000000
23.3298910000000
23.3297290000000
23.4035770000000
23.4049240000000
23.4072590000000
23.4092790000000
23.4119840000000
23.4145170000000
23.4164260000000
23.4168920000000
23.4172770000000
23.4172880000000
23.4725270000000
23.4776440000000
23.4833620000000
23.4867590000000
23.4882770000000
23.4885020000000
23.4892930000000
23.4916990000000
23.4937050000000
23.4950470000000
23.4295790000000
23.4307080000000
23.4317820000000
23.4318360000000
23.4315340000000
23.4293620000000
23.4258540000000
23.4224830000000
23.4202290000000
23.4186170000000
23.5108700000000
23.5117200000000
23.5124460000000
23.5135510000000
23.5137200000000
23.5168020000000
23.5196630000000
23.5192010000000
23.5174260000000
23.5162610000000
23.6215520000000
23.6259000000000
23.6373930000000
23.6609940000000
23.6763200000000
23.6800570000000
23.6802090000000
23.6803990000000
23.6798510000000
23.6774370000000
23.4943630000000
23.4949180000000
23.4950390000000
23.4962580000000
23.5026920000000
23.5074680000000
23.5075540000000
23.5060140000000
23.5041910000000
23.5030680000000
23.6298450000000
23.6336560000000
23.6400730000000
23.6507300000000
23.6571140000000
23.6584720000000
23.6604160000000
23.6661970000000
23.6724490000000
23.6747530000000
23.9489940000000
23.9966050000000
24.0796170000000
24.2319990000000
24.6921330000000
24.0724110000000
23.9536460000000
23.9357710000000
23.9244430000000
23.4959250000000
23.4964180000000
23.4961310000000
23.4955960000000
23.4953500000000
23.4954100000000
23.4958780000000
23.4965100000000
23.4970120000000
23.4968440000000
23.6091550000000
23.6106310000000
23.6136600000000
23.6165950000000
23.6206290000000
23.6245960000000
23.6278400000000
23.6286180000000
23.6289430000000
23.6288370000000
23.7559770000000
23.7631250000000
23.7710960000000
23.7757890000000
23.7778770000000
23.7780010000000
23.7784920000000
23.7813780000000
23.7842120000000
23.7862000000000
23.3949680000000
23.3959950000000
23.3968580000000
23.3966260000000
23.3962370000000
23.3941030000000
23.3909390000000
23.3878320000000
23.3857220000000
23.3841900000000
23.4520740000000
23.4531760000000
23.4542460000000
23.4552600000000
23.4553270000000
23.4575530000000
23.4585650000000
23.4562270000000
23.4530760000000
23.4513840000000
23.4883280000000
23.4917010000000
23.5012420000000
23.5209660000000
23.5335910000000
23.5365820000000
23.5367260000000
23.5371230000000
23.5372180000000
23.5356010000000
23.4743420000000
23.4749910000000
23.4752920000000
23.4767240000000
23.4839180000000
23.4892710000000
23.4894460000000
23.4878100000000
23.4858750000000
23.4846680000000
23.5953150000000
23.5989270000000
23.6048860000000
23.6148750000000
23.6213260000000
23.6229430000000
23.6250140000000
23.6302650000000
23.6354560000000
23.6373090000000
23.7536690000000
23.7610080000000
23.7714530000000
23.7771680000000
23.7779320000000
23.7779260000000
23.7789960000000
23.7818450000000
23.7836070000000
23.7848500000000
23.5026460000000
23.5033680000000
23.5032460000000
23.5028360000000
23.5025740000000
23.5025040000000
23.5027730000000
23.5033790000000
23.5039380000000
23.5037310000000
23.6430560000000
23.6437800000000
23.6463460000000
23.6494970000000
23.6540670000000
23.6588990000000
23.6632130000000
23.6641650000000
23.6639640000000
23.6633400000000
24.0263500000000
24.0708910000000
24.1355520000000
24.2392540000000
24.8850420000000
24.1509540000000
24.0319310000000
23.9882520000000
23.9670220000000
-5.10187010000000
-5.60881330000000
-5.40194760000000
-4.76759150000000
-4.03570720000000
-3.34346130000000
-2.77433630000000
-2.40015970000000
-2.29064910000000
-2.19854450000000
-5.67210960000000
-6.23380770000000
-5.89929420000000
-4.98021940000000
-4.01573700000000
-3.28904570000000
-2.78458390000000
-2.44225020000000
-2.34678290000000
-2.28548830000000
-5.63797530000000
-6.19047410000000
-5.82166070000000
-4.73538310000000
-3.61965860000000
-2.97829370000000
-2.65274390000000
-2.42044420000000
-2.34160910000000
-2.28002830000000
-5.17068710000000
-5.66381450000000
-5.29434030000000
-4.23346060000000
-3.18932070000000
-2.68793060000000
-2.52243190000000
-2.41228920000000
-2.37601680000000
-2.32515480000000
-4.47581830000000
-4.88875300000000
-4.55606900000000
-3.67762330000000
-2.83882420000000
-2.46110130000000
-2.40471480000000
-2.41854190000000
-2.45708850000000
-2.38596020000000
-3.64155710000000
-3.94098080000000
-3.66331690000000
-2.99015020000000
-2.34583440000000
-2.07812630000000
-2.22805460000000
-2.44487080000000
-2.54345010000000
-2.42142280000000
-2.77182870000000
-2.93782690000000
-2.72959840000000
-2.25193840000000
-1.74237460000000
-1.57347750000000
-1.92960660000000
-2.36901090000000
-2.50875450000000
-2.31512370000000
-2.09367230000000
-2.17287830000000
-2.05738010000000
-1.80859160000000
-1.51310590000000
-1.44137250000000
-1.78136530000000
-2.22190180000000
-2.36088600000000
-2.16501980000000
-1.76526900000000
-1.85430020000000
-1.83824570000000
-1.81759140000000
-1.79607450000000
-1.83094700000000
-2.06578480000000
-2.33606540000000
-2.39695490000000
-2.15394720000000
-1.60344550000000
-1.74443140000000
-1.83314440000000
-1.97297490000000
-2.17859950000000
-2.33027630000000
-2.52616660000000
-2.69769060000000
-2.63033380000000
-2.26423540000000
-3.20471550000000
-4.01635750000000
-4.71494380000000
-5.24117140000000
-5.44240170000000
-5.19305960000000
-4.56515260000000
-3.90927630000000
-3.52556520000000
-3.21432520000000
-3.47985030000000
-4.29948230000000
-5.00698420000000
-5.53415790000000
-5.67825620000000
-5.34947720000000
-4.69794010000000
-4.02625570000000
-3.63858270000000
-3.35089070000000
-3.48109130000000
-4.22956460000000
-4.85899380000000
-5.27078860000000
-5.24441370000000
-4.86432880000000
-4.36237230000000
-3.87068460000000
-3.56890000000000
-3.31864750000000
-3.30334380000000
-3.97912970000000
-4.46793790000000
-4.71823900000000
-4.59976860000000
-4.26889810000000
-3.92952880000000
-3.62904460000000
-3.44808460000000
-3.27122690000000
-2.99520730000000
-3.60866010000000
-3.97784190000000
-4.12466060000000
-4.02419890000000
-3.79525030000000
-3.58449980000000
-3.43972930000000
-3.37461160000000
-3.21248230000000
-2.58223160000000
-3.11305420000000
-3.39773920000000
-3.46848710000000
-3.35389970000000
-3.18460910000000
-3.21178650000000
-3.31968680000000
-3.34198190000000
-3.14111850000000
-2.13402190000000
-2.55429520000000
-2.77960000000000
-2.81012240000000
-2.62899450000000
-2.44817540000000
-2.66156640000000
-3.03975560000000
-3.15357560000000
-2.90688680000000
-1.80635880000000
-2.12888220000000
-2.32768270000000
-2.41706110000000
-2.31802100000000
-2.14950280000000
-2.27911660000000
-2.65878400000000
-2.80376270000000
-2.60218190000000
-1.69397430000000
-1.98359480000000
-2.18240000000000
-2.39006630000000
-2.51364560000000
-2.45340270000000
-2.46669910000000
-2.62875600000000
-2.69276700000000
-2.46906160000000
-1.62227320000000
-1.91081180000000
-2.14513520000000
-2.44167030000000
-2.76070030000000
-2.86604510000000
-2.90134520000000
-2.97066600000000
-2.88241550000000
-2.52341730000000
-1.83295340000000
-2.27354530000000
-2.61904890000000
-2.93507000000000
-3.26985530000000
-3.73573020000000
-4.37854230000000
-5.06978080000000
-5.44931720000000
-5.18858400000000
-2.04754900000000
-2.47605940000000
-2.81574090000000
-3.15535090000000
-3.48335260000000
-3.87158800000000
-4.49198600000000
-5.31467460000000
-5.82729010000000
-5.58580270000000
-2.09206080000000
-2.50227700000000
-2.86853660000000
-3.27654780000000
-3.60169300000000
-3.78846420000000
-4.15616360000000
-4.86797340000000
-5.46004800000000
-5.38788000000000
-2.03931370000000
-2.47460220000000
-2.87719600000000
-3.34237210000000
-3.66627640000000
-3.70422500000000
-3.76648340000000
-4.16416960000000
-4.67956930000000
-4.83495040000000
-1.92224710000000
-2.40353340000000
-2.83495670000000
-3.30262160000000
-3.62282690000000
-3.63195200000000
-3.54227830000000
-3.70043770000000
-4.06144070000000
-4.23940710000000
-1.76242340000000
-2.26744420000000
-2.70477130000000
-3.11261750000000
-3.35183910000000
-3.31592430000000
-3.29164240000000
-3.50618870000000
-3.78993140000000
-3.84247540000000
-1.60439400000000
-2.08966300000000
-2.50460860000000
-2.83885540000000
-2.92744600000000
-2.73061860000000
-2.72898750000000
-3.09875610000000
-3.42476770000000
-3.37497790000000
-1.53499030000000
-1.97041430000000
-2.34684290000000
-2.67637140000000
-2.75353470000000
-2.45473160000000
-2.24929990000000
-2.54700990000000
-2.84199650000000
-2.82779760000000
-1.58395660000000
-1.98583210000000
-2.32030490000000
-2.69598130000000
-2.93550210000000
-2.73779080000000
-2.42805980000000
-2.43540270000000
-2.58172100000000
-2.52438380000000
-1.57973270000000
-1.95353990000000
-2.27948370000000
-2.68578050000000
-3.08175730000000
-3.10359730000000
-2.91345290000000
-2.84382930000000
-2.77942500000000
-2.53279420000000
-4.05672340000000
-4.32608170000000
-4.19810130000000
-3.85434890000000
-3.45165150000000
-3.04754010000000
-2.68021540000000
-2.42321940000000
-2.35027310000000
-2.24765190000000
-5.30149580000000
-5.61427360000000
-5.28251210000000
-4.60116170000000
-3.92829800000000
-3.40296500000000
-2.98013830000000
-2.64897730000000
-2.51392830000000
-2.39481360000000
-6.63742160000000
-7.15898380000000
-6.60148380000000
-5.37647550000000
-4.25175960000000
-3.58406250000000
-3.16348720000000
-2.81188700000000
-2.60708770000000
-2.44266910000000
-8.26550980000000
-9.41221350000000
-8.47291670000000
-6.27496490000000
-4.48707210000000
-3.62190390000000
-3.24065430000000
-2.95119850000000
-2.74402950000000
-2.55344760000000
-9.86238960000000
-12.3152590000000
-10.6079370000000
-7.00999350000000
-4.55167910000000
-3.50203190000000
-3.17798650000000
-3.01398890000000
-2.88287290000000
-2.67165560000000
-9.64091580000000
-12.1879550000000
-10.3266290000000
-6.60397400000000
-4.12913250000000
-3.13158920000000
-3.00809080000000
-3.03731010000000
-2.97646060000000
-2.73379160000000
-7.34352990000000
-8.46701640000000
-7.36323980000000
-5.03530640000000
-3.22598000000000
-2.58383430000000
-2.78485470000000
-3.03529350000000
-2.99245130000000
-2.67234470000000
-5.05905000000000
-5.39045710000000
-4.77620310000000
-3.57354410000000
-2.53941170000000
-2.29481550000000
-2.69296450000000
-3.01145520000000
-2.96110700000000
-2.60300620000000
-3.65752810000000
-3.75845490000000
-3.45734830000000
-2.93358230000000
-2.47721260000000
-2.46835360000000
-2.87163430000000
-3.14787330000000
-3.05781920000000
-2.64282030000000
-2.88940070000000
-2.99546530000000
-2.92016610000000
-2.77987700000000
-2.72108830000000
-2.83662690000000
-3.16940520000000
-3.38361140000000
-3.22917900000000
-2.72778410000000
-1.93177420000000
-2.38366910000000
-2.74829960000000
-3.09423670000000
-3.43588180000000
-3.77911460000000
-4.09510430000000
-4.35744790000000
-4.48405530000000
-4.27732600000000
-2.22417990000000
-2.69695040000000
-3.11011270000000
-3.57755320000000
-4.07522720000000
-4.53599070000000
-4.93905440000000
-5.25853770000000
-5.34826580000000
-5.02025000000000
-2.33076080000000
-2.82106440000000
-3.32757130000000
-3.98433730000000
-4.68437350000000
-5.26378780000000
-5.81350970000000
-6.34160800000000
-6.46550050000000
-5.92049660000000
-2.32933420000000
-2.87830610000000
-3.49152180000000
-4.31551740000000
-5.17086790000000
-5.89344410000000
-6.76382270000000
-7.92405210000000
-8.39416490000000
-7.37748170000000
-2.26864560000000
-2.89774980000000
-3.59979270000000
-4.49953990000000
-5.43011170000000
-6.28879470000000
-7.49803850000000
-9.54183280000000
-10.6218030000000
-8.90569590000000
-2.18928130000000
-2.88297810000000
-3.63661370000000
-4.51847320000000
-5.38841890000000
-6.16092150000000
-7.28445660000000
-9.34776120000000
-10.5876400000000
-8.95311910000000
-2.13320600000000
-2.84559670000000
-3.59552300000000
-4.39848380000000
-5.05831660000000
-5.39625200000000
-5.95199750000000
-7.22526540000000
-8.12150070000000
-7.31059970000000
-2.14923100000000
-2.82311540000000
-3.51057970000000
-4.24652150000000
-4.75617340000000
-4.69395690000000
-4.55490110000000
-5.16815940000000
-5.73437280000000
-5.47781500000000
-2.22472980000000
-2.84183830000000
-3.42994770000000
-4.11787620000000
-4.66151710000000
-4.55453670000000
-4.13687580000000
-4.15571640000000
-4.41179340000000
-4.30087190000000
-2.18353220000000
-2.72976420000000
-3.24681240000000
-3.87865090000000
-4.48791480000000
-4.57243130000000
-4.28597990000000
-4.15975430000000
-4.10972560000000
-3.83158870000000
-1.45368170000000
-1.63404740000000
-1.70554160000000
-1.75075250000000
-1.79636720000000
-1.82317480000000
-1.81607140000000
-1.82275720000000
-1.89269670000000
-1.85958960000000
-1.71626690000000
-1.84948580000000
-1.86875190000000
-1.89962040000000
-1.98534340000000
-2.06543690000000
-2.06965970000000
-2.02752370000000
-2.03697800000000
-1.98101460000000
-1.77599460000000
-1.85526790000000
-1.85472470000000
-1.89252740000000
-2.02066160000000
-2.17276010000000
-2.23186750000000
-2.17768990000000
-2.11296140000000
-2.01035350000000
-1.77017750000000
-1.80894920000000
-1.79329990000000
-1.79902490000000
-1.90536860000000
-2.11185430000000
-2.29684980000000
-2.34148160000000
-2.28221250000000
-2.14214240000000
-1.89420500000000
-1.91479620000000
-1.84696550000000
-1.74079730000000
-1.74509060000000
-1.96458830000000
-2.27443820000000
-2.44794980000000
-2.45552540000000
-2.30940390000000
-2.37003200000000
-2.43541590000000
-2.22919290000000
-1.88827130000000
-1.73676430000000
-1.98698360000000
-2.36495890000000
-2.56902600000000
-2.58989420000000
-2.42765540000000
-3.20455640000000
-3.36666400000000
-2.88566660000000
-2.12658490000000
-1.77174220000000
-2.20080600000000
-2.80158150000000
-2.98992300000000
-2.86685180000000
-2.55417480000000
-3.96851750000000
-4.14517300000000
-3.36016450000000
-2.12515690000000
-1.47173410000000
-2.17243920000000
-3.33508740000000
-3.63335020000000
-3.35682050000000
-2.82085740000000
-4.15729290000000
-4.21390800000000
-3.36101250000000
-2.02114300000000
-1.13124870000000
-1.89934470000000
-3.44951080000000
-4.10632730000000
-3.81533130000000
-3.11899140000000
-3.80002530000000
-3.76338020000000
-3.16226340000000
-2.19055100000000
-1.50720080000000
-2.05145080000000
-3.39813240000000
-4.10561190000000
-3.92381130000000
-3.22016690000000
-1.70963980000000
-2.04388060000000
-2.26577530000000
-2.44545120000000
-2.59249550000000
-2.68541640000000
-2.70343610000000
-2.69608710000000
-2.70886820000000
-2.58484230000000
-2.02193140000000
-2.36008770000000
-2.59573980000000
-2.84257650000000
-3.08881530000000
-3.23730200000000
-3.22795980000000
-3.12137800000000
-3.02170480000000
-2.83179590000000
-2.15829470000000
-2.50623290000000
-2.80767800000000
-3.17995510000000
-3.55149560000000
-3.75303630000000
-3.72779070000000
-3.53272110000000
-3.28742130000000
-2.99751280000000
-2.22701190000000
-2.64313770000000
-3.05643540000000
-3.55024140000000
-3.97780890000000
-4.19445450000000
-4.21034370000000
-4.03073710000000
-3.71086600000000
-3.31149850000000
-2.33755640000000
-2.90104150000000
-3.49218020000000
-4.11247460000000
-4.55831770000000
-4.73785200000000
-4.73765730000000
-4.53754200000000
-4.16786530000000
-3.68961820000000
-2.59356480000000
-3.40038590000000
-4.28506000000000
-5.17230000000000
-5.76673820000000
-5.91520640000000
-5.64245140000000
-5.14587930000000
-4.60223750000000
-4.01681220000000
-3.01919650000000
-4.11973100000000
-5.38021270000000
-6.73647530000000
-7.71105890000000
-7.84954250000000
-7.27119440000000
-6.28698640000000
-5.30296180000000
-4.40270530000000
-3.50473550000000
-4.80364320000000
-6.34291410000000
-8.18653110000000
-9.51160420000000
-9.41152710000000
-8.90931940000000
-7.71363440000000
-6.30715230000000
-4.97011510000000
-3.83885690000000
-5.14918250000000
-6.66226370000000
-8.57007000000000
-9.94149430000000
-9.46143780000000
-9.15928750000000
-8.46821090000000
-7.03621880000000
-5.44655780000000
-3.79148060000000
-4.93476210000000
-6.19637490000000
-7.70434540000000
-8.78854430000000
-8.55749540000000
-8.44314140000000
-8.09695090000000
-6.99016410000000
-5.48282800000000
-1.59439550000000
-1.93209670000000
-2.16325930000000
-2.35542260000000
-2.51811620000000
-2.63751230000000
-2.69521030000000
-2.73098400000000
-2.76996420000000
-2.65834600000000
-1.87387580000000
-2.21488010000000
-2.46310360000000
-2.72856040000000
-2.99199340000000
-3.16165650000000
-3.19225020000000
-3.14165630000000
-3.08167010000000
-2.91441230000000
-1.97657310000000
-2.32294540000000
-2.63656410000000
-3.03522890000000
-3.42863340000000
-3.63789920000000
-3.64269540000000
-3.51793590000000
-3.33947740000000
-3.09746470000000
-1.99896820000000
-2.40152180000000
-2.81574050000000
-3.34070110000000
-3.80353360000000
-4.02566210000000
-4.06363370000000
-3.97939010000000
-3.77597080000000
-3.46436570000000
-2.02789420000000
-2.54286450000000
-3.09446200000000
-3.72788820000000
-4.23375490000000
-4.45820850000000
-4.50492010000000
-4.44889680000000
-4.26727790000000
-3.96075450000000
-2.14344580000000
-2.82105500000000
-3.56305840000000
-4.37146990000000
-5.02545990000000
-5.30114750000000
-5.17614770000000
-4.98447320000000
-4.83447770000000
-4.55505080000000
-2.37831770000000
-3.22690780000000
-4.16905080000000
-5.22587840000000
-6.16781850000000
-6.51953920000000
-6.22651850000000
-6.08653920000000
-6.18030610000000
-5.69106760000000
-2.68837390000000
-3.63168410000000
-4.68045650000000
-5.93843160000000
-7.10073810000000
-7.39845440000000
-7.02203990000000
-7.65396510000000
-8.61960780000000
-7.52446290000000
-2.94479680000000
-3.88205090000000
-4.88619160000000
-6.16816830000000
-7.42624210000000
-7.65762280000000
-7.12361650000000
-7.96925200000000
-9.65759600000000
-8.44822200000000
-2.94500600000000
-3.78447360000000
-4.67398520000000
-5.83171160000000
-7.06453280000000
-7.48567210000000
-7.04144520000000
-7.33286980000000
-8.21987500000000
-7.59422670000000