9.004839017164991688e-01
7.550658031047461360e-01
6.539333686470272244e-01
5.881565582455186014e-01
5.539926125263403556e-01
5.513705372358348455e-01
5.753093395244133212e-01
6.159618530405022163e-01
6.617302976521131086e-01
7.000144876727394383e-01
7.207031193910613531e-01
7.221779297626156335e-01
7.117593142606508660e-01
6.996833338354728760e-01
6.940544324466875192e-01
7.014849696509624088e-01
7.324799890416873183e-01
8.050877355067145302e-01
9.352413542237081323e-01
7.964940501218475966e-01
6.459774992193449972e-01
5.460996300462306330e-01
4.827068502012443751e-01
4.523932668301580140e-01
4.552140319136228630e-01
4.830291322075941363e-01
5.248681243969519628e-01
5.722952480918495066e-01
6.152354014163290419e-01
6.421882062100787714e-01
6.483511084858166740e-01
6.387913610262554442e-01
6.237824449457485265e-01
6.143339187918448463e-01
6.206008888962122327e-01
6.536760566294361752e-01
7.303701371628539274e-01
8.674936638699273228e-01
7.360014598541591013e-01
5.906803560403923736e-01
4.978687567398447644e-01
4.416774416803344039e-01
4.193705311698716631e-01
4.280456421273211021e-01
4.541220563587640147e-01
4.866882937444567681e-01
5.241076890950946421e-01
5.626614885599754423e-01
5.919147410848113466e-01
6.038794662191566687e-01
5.987913659555239576e-01
5.840734229803596911e-01
5.737648769256020742e-01
5.845064343942147911e-01
6.284932059609298349e-01
7.151352186395363297e-01
8.536593126079172755e-01
6.928942898233589887e-01
5.531338387752846586e-01
4.689139189674425001e-01
4.227039622784114492e-01
4.093918791877144692e-01
4.212193236318440004e-01
4.409337773957888729e-01
4.600622824692095492e-01
4.835396522135588793e-01
5.125890241310868678e-01
5.384446863265077710e-01
5.526487980764360763e-01
5.525172193992926584e-01
5.417007546527599082e-01
5.347658926188960660e-01
5.535896185951090231e-01
6.121023088849368854e-01
7.124035500954151168e-01
8.543428710342113597e-01
6.553359486054439742e-01
5.204635426513704033e-01
4.469376384869563346e-01
4.120970620429209585e-01
4.047141936600571199e-01
4.139142227015384368e-01
4.244909437938260144e-01
4.328685010544854883e-01
4.466445547848665321e-01
4.663732990870643746e-01
4.836452680354108580e-01
4.934849570955781584e-01
4.955923780258089106e-01
4.915010643075463648e-01
4.923681711218814705e-01
5.194202097753162217e-01
5.869843102757705822e-01
6.951383194711677760e-01
8.406683667951082573e-01
6.275892716423938644e-01
4.990747034310547559e-01
4.371683516259832203e-01
4.115939756925910409e-01
4.048411772762456895e-01
4.068730123821311384e-01
4.088436307246787749e-01
4.118932387884661761e-01
4.219806660801932452e-01
4.349930237463095484e-01
4.419808856702627242e-01
4.433302499965066090e-01
4.443470693114419667e-01
4.466252113369806320e-01
4.560653111300392304e-01
4.879715328980860356e-01
5.545633226625525936e-01
6.591869626867130627e-01
8.043486638917090037e-01
6.160262308960873234e-01
4.938037713149978636e-01
4.388104928078262468e-01
4.157785982976507366e-01
4.054441279696479050e-01
4.011748680066027362e-01
3.987077959498956936e-01
4.000111335136973256e-01
4.080318597106462608e-01
4.160643142571212039e-01
4.160496832492435182e-01
4.115975588827776033e-01
4.106397737450544483e-01
4.149530887204846419e-01
4.273827197877289041e-01
4.578435568719716464e-01
5.156138671585159816e-01
6.090432076082321622e-01
7.508358580047618247e-01
6.214006648155145918e-01
5.032309201672684473e-01
4.470752488390319357e-01
4.188124624378557481e-01
4.035087801463044244e-01
3.977437364302469636e-01
3.958207670411031387e-01
3.955749436821154319e-01
3.986748585414783275e-01
4.019308434006121367e-01
4.009358109269069992e-01
3.981210807238080296e-01
3.972069207467421315e-01
3.982479181156746151e-01
4.053571910608715356e-01
4.282800790164622562e-01
4.747241402529667198e-01
5.562925913375764697e-01
6.944622361226555629e-01
6.372533547016419053e-01
5.217558156145498671e-01
4.597179696368831614e-01
4.223772607962421599e-01
4.022984617352332037e-01
3.980793546747232181e-01
3.987903805013803815e-01
3.961657743229798356e-01
3.924849042444313874e-01
3.914668143227457708e-01
3.933900559554341925e-01
3.969486084676605575e-01
3.980123575775100786e-01
3.938379758086822946e-01
3.924706696394206773e-01
4.073153114106122796e-01
4.454839266675150178e-01
5.186316248699851528e-01
6.529288254534817426e-01
6.505673063387455990e-01
5.381475225809277951e-01
4.721413014624946669e-01
4.280069051258954538e-01
4.037343583432844163e-01
3.993842390443058665e-01
4.010507293677827434e-01
3.971088040140764441e-01
3.901013219823734612e-01
3.872289666294161936e-01
3.910523309785907120e-01
3.981811401957706664e-01
4.003698550014351820e-01
3.937878288810083838e-01
3.892900804257437564e-01
4.024312485841883280e-01
4.387130744063052479e-01
5.075562224829752722e-01
6.366220034031380148e-01
6.482648837831634925e-01
5.395883443330191653e-01
4.762097868868409023e-01
4.327899583760772551e-01
4.067671880616812174e-01
3.990932260392936470e-01
3.985223705385043669e-01
3.954866848397262657e-01
3.913471694672687740e-01
3.898966321815495739e-01
3.920036142967977533e-01
3.962664621909035567e-01
3.978260581992094647e-01
3.942893727796650261e-01
3.952433577824121524e-01
4.136832543488178082e-01
4.525215356853351523e-01
5.193772628044235340e-01
6.421933015339298390e-01
6.269252184801032968e-01
5.219524304270526383e-01
4.676865679832808986e-01
4.335303364280396199e-01
4.109129258238197746e-01
4.001096221408195763e-01
3.956092001701048133e-01
3.936817980312303789e-01
3.946658959335453964e-01
3.958182229610021086e-01
3.945977727061580342e-01
3.942084273969381769e-01
3.969871044816657424e-01
4.017545807264857327e-01
4.125778271530962105e-01
4.369741531368318554e-01
4.768449682809621226e-01
5.409221338850085381e-01
6.574780792234489191e-01
5.955546415430292839e-01
4.939898690430444272e-01
4.506433649625787297e-01
4.288627814416219319e-01
4.136712168488274610e-01
4.035732172420209984e-01
3.965930219876154794e-01
3.936304886064458941e-01
3.957858620305929609e-01
3.974159057966928366e-01
3.948847583280743478e-01
3.952300412422147247e-01
4.049812581459908412e-01
4.209804615620742485e-01
4.402149234931798105e-01
4.657615631959344249e-01
5.015270626028991430e-01
5.601128093397389485e-01
6.705822402857486431e-01
5.677967592578336831e-01
4.706280074644453304e-01
4.356294541355316685e-01
4.215881937771901455e-01
4.119305566550639508e-01
4.054241856549425371e-01
3.995434265146537989e-01
3.944911338703369630e-01
3.927181012925142767e-01
3.918237781912010664e-01
3.911554300898243408e-01
3.987868920695520902e-01
4.195214638708817390e-01
4.456986220441279123e-01
4.692270116706742655e-01
4.914437085033198649e-01
5.192417575110859218e-01
5.696028281397622628e-01
6.735758604963391072e-01
5.502680996153812565e-01
4.601647525592829080e-01
4.320034997205985938e-01
4.197312041453176157e-01
4.095994672898259914e-01
4.052102899341425424e-01
4.028790166513229742e-01
3.976522390685774955e-01
3.913302639092064439e-01
3.872565882129024306e-01
3.897799973985385247e-01
4.057400178363195220e-01
4.350710948977691839e-01
4.664915684687149788e-01
4.902755699562535430e-01
5.069702902948913792e-01
5.245385286143726677e-01
5.640221582400271050e-01
6.612664765344296036e-01
5.392604032206211873e-01
4.564135871648282716e-01
4.367475233510687005e-01
4.265723569637196455e-01
4.132452123373169250e-01
4.073641689222873286e-01
4.075978681262601988e-01
4.044809818795416234e-01
3.968552640176312707e-01
3.913913227860006394e-01
3.960906576466107776e-01
4.160721981569319716e-01
4.475897209572066160e-01
4.786166210427387213e-01
4.995376986260551266e-01
5.087481418604871131e-01
5.135102392727293186e-01
5.404493050495844386e-01
6.335758284811547902e-01
5.355352571361049474e-01
4.532975911734915542e-01
4.412508578771399126e-01
4.378870617719401448e-01
4.253771571937994267e-01
4.172147934959395954e-01
4.171485207644372029e-01
4.158362010683491761e-01
4.094417571545532208e-01
4.043430256615392349e-01
4.094109029272248179e-01
4.287549793832499123e-01
4.577742892552569831e-01
4.855314730431503634e-01
5.019524401109958234e-01
5.022041278566922173e-01
4.938164791663730568e-01
5.111345568178937704e-01
6.063145995232970265e-01
5.649972861135126312e-01
4.759214010896513081e-01
4.641287755614509347e-01
4.679573952446385299e-01
4.617988426109949085e-01
4.545477693136121822e-01
4.529602799403720237e-01
4.515587737812061242e-01
4.464203193495202004e-01
4.421671903887209876e-01
4.465507746101287090e-01
4.632242901009939740e-01
4.883498050663142021e-01
5.122548482131175085e-01
5.240483964957360907e-01
5.172882476429214726e-01
5.019293846548227300e-01
5.177488181228837583e-01
6.182704314923261890e-01
6.692681643012849957e-01
5.775604226760413518e-01
5.579081343242489055e-01
5.619385298739643098e-01
5.621819358139639178e-01
5.589764746823457919e-01
5.572069628685771825e-01
5.551533151857281911e-01
5.508858499503128670e-01
5.477094580195005502e-01
5.514288120867525400e-01
5.649605989424841823e-01
5.853087170811375195e-01
6.042302227430578210e-01
6.118720817789529143e-01
6.036555502073484014e-01
5.919457245752963725e-01
6.136106594180890106e-01
7.118607787432740253e-01
8.926735627107249549e-01
7.515457989195812871e-01
6.468433082344513529e-01
5.700753873015840245e-01
5.240496813255126618e-01
5.117654442414651950e-01
5.247728714615378376e-01
5.500606003340586803e-01
5.764460170164220632e-01
5.926803622153640205e-01
5.914582647400770110e-01
5.777522230040921247e-01
5.653927526616757682e-01
5.647306618199485762e-01
5.777637937833837167e-01
6.037497348172837786e-01
6.485176520997419924e-01
7.307422854830039061e-01
8.714346170010276449e-01
8.031900304609855823e-01
6.611570928441121708e-01
5.566427720869484563e-01
4.782927577972544420e-01
4.344937159333799315e-01
4.287842669726267264e-01
4.456281359111318174e-01
4.696256269880954015e-01
4.949700562939087778e-01
5.138495987415947486e-01
5.168120612572817407e-01
5.062152060254732078e-01
4.945545582105714821e-01
4.911927058420462178e-01
5.000844718159760394e-01
5.251864711013698450e-01
5.735716385964924058e-01
6.609987332773454849e-01
8.080544205260078439e-01
7.519792195795003131e-01
6.152044383518553428e-01
5.135502497735926486e-01
4.381000622134616496e-01
4.025964447948289227e-01
4.061433753076746367e-01
4.230231457819040308e-01
4.373384663259678451e-01
4.532212428844151209e-01
4.702765438058693626e-01
4.785707543920021401e-01
4.761458895054591078e-01
4.694082422631296048e-01
4.627331984711835489e-01
4.639109421820160062e-01
4.888053447415581232e-01
5.495536739167556917e-01
6.516719091879350501e-01
8.024243319941581909e-01
7.099815627806957963e-01
5.755260968432367452e-01
4.774047614169776299e-01
4.086363924623550581e-01
3.831618444404085722e-01
3.933417428306962282e-01
4.066433143149157381e-01
4.099141258667047261e-01
4.160757509825503409e-01
4.296673179354963956e-01
4.405357857408775946e-01
4.446614473207086693e-01
4.434671209265681480e-01
4.352030852792192483e-01
4.298257045169928681e-01
4.553278211646654139e-01
5.309563345608188101e-01
6.524503206369747232e-01
8.107996077460526418e-01
6.701565588864468737e-01
5.393415786205109086e-01
4.507239157107281180e-01
3.927205128804014400e-01
3.736910642314703601e-01
3.828004247203735666e-01
3.896539550224085158e-01
3.867675295617036824e-01
3.897695911440177685e-01
4.010284485802553256e-01
4.091630929397809258e-01
4.127692949366492670e-01
4.142861949485761031e-01
4.084346914517149596e-01
4.033421332749513866e-01
4.310976895856637459e-01
5.144521178989680532e-01
6.452071303542870062e-01
8.072818205723055751e-01
6.401063486815203873e-01
5.180576842531390280e-01
4.440583046363322239e-01
3.967364404584343696e-01
3.778969209078040237e-01
3.795546662614786015e-01
3.799649509665221636e-01
3.767885876645595822e-01
3.823442083329042784e-01
3.923674021088989772e-01
3.942477622883486799e-01
3.919062625557803159e-01
3.928603762463811488e-01
3.917892878111657318e-01
3.931442769745165933e-01
4.246552789974047393e-01
5.059181279148463606e-01
6.296050905763661554e-01
7.852587150951935158e-01
6.244262506875259966e-01
5.116374696334866634e-01
4.480828443968243313e-01
4.048134868645747453e-01
3.817214828222839085e-01
3.765634844276561921e-01
3.742372496417658567e-01
3.729695059520692357e-01
3.802926702949029902e-01
3.882837169212376427e-01
3.854714746588741026e-01
3.791265723201602267e-01
3.789220846477852067e-01
3.803452095023658330e-01
3.867016832251601866e-01
4.201928407143018518e-01
4.936132527612677734e-01
6.014299609918163370e-01
7.454586199567068139e-01
6.228113507222703404e-01
5.160038249785525721e-01
4.538053496734084646e-01
4.067511084876740401e-01
3.790222661457389730e-01
3.727348128598984012e-01
3.720237179277035011e-01
3.705660192048030321e-01
3.740041986539324181e-01
3.781374339207996815e-01
3.757778527627060328e-01
3.727675172706681472e-01
3.737103519973525856e-01
3.729907389310493926e-01
3.771845473954940076e-01
4.079536546627791083e-01
4.722574047353056415e-01
5.646078402123493323e-01
6.980869320948190904e-01
6.298921417083100938e-01
5.277816336970750921e-01
4.624862444837902764e-01
4.087804937209080780e-01
3.780426856356084997e-01
3.744119632644971052e-01
3.766625097374547426e-01
3.723896253990595095e-01
3.683605799711868745e-01
3.681355728414534845e-01
3.696896927105155495e-01
3.745666408851264784e-01
3.785990137920942633e-01
3.738240886032317967e-01
3.723311457357851850e-01
3.990564566444549932e-01
4.568674893447766117e-01
5.378225916187480138e-01
6.619107614555259644e-01
6.316470803330629380e-01
5.347330605414473137e-01
4.690533433199792768e-01
4.122070705948486236e-01
3.800184660184362517e-01
3.776455584863722681e-01
3.809201976143277157e-01
3.745587892669173247e-01
3.663470993269657416e-01
3.640038857646770154e-01
3.679673237326457347e-01
3.772454097901569714e-01
3.831120925192925686e-01
3.769880678438819466e-01
3.746607911774977318e-01
4.026161092135085440e-01
4.596647743264219432e-01
5.340544856420172959e-01
6.488143764384783907e-01
6.127393647121683884e-01
5.206480802632293958e-01
4.617627849867584899e-01
4.106718142920351422e-01
3.804326274951170817e-01
3.763872067835227764e-01
3.777362944431437164e-01
3.722464165398240432e-01
3.670010649957649029e-01
3.662839895410625601e-01
3.686480695571565658e-01
3.750608033289803966e-01
3.804963998489807597e-01
3.781981422351363697e-01
3.825381279740340812e-01
4.166402159028042007e-01
4.759744114004589299e-01
5.470258004361470139e-01
6.538948492280924896e-01
5.712206772329033733e-01
4.831795399170162320e-01
4.385346065981019503e-01
4.035648567162946065e-01
3.818135305567200710e-01
3.767976142024125341e-01
3.747496160004850640e-01
3.710082724654402142e-01
3.720991735802119393e-01
3.749725436371649234e-01
3.740249991717043976e-01
3.752895234522273249e-01
3.820996812611099358e-01
3.888950677488514085e-01
4.027642583805075560e-01
4.401056283230531108e-01
4.967702575817019017e-01
5.629406941204480042e-01
6.637962820347753645e-01
5.215097313186829453e-01
4.374756524226734999e-01
4.089710825498864555e-01
3.932888919062584865e-01
3.843443240484838430e-01
3.826975914263812673e-01
3.791370159428235631e-01
3.753628953331467066e-01
3.792803312907553348e-01
3.839040199668815045e-01
3.814291193322953966e-01
3.825412116904856052e-01
3.967430904277651216e-01
4.163411289011476057e-01
4.381620876209018078e-01
4.719039636754716049e-01
5.176973542550495910e-01
5.740853121443543206e-01
6.686766963764361194e-01
4.824723771403127692e-01
4.042062885509691839e-01
3.872366399484237220e-01
3.825710808573528077e-01
3.820371084239280179e-01
3.866389832912753288e-01
3.864622500087055990e-01
3.823614234011678548e-01
3.836787343041438980e-01
3.862552734337150184e-01
3.845816412541298579e-01
3.911700119320187241e-01
4.161050744119805245e-01
4.478664044148348289e-01
4.752993475589240013e-01
5.030211675336666577e-01
5.347672439609756356e-01
5.774157635995498250e-01
6.633332716099495929e-01
4.618853373865050571e-01
3.939112209528683461e-01
3.856540058297994733e-01
3.820132969231391229e-01
3.801806133097775930e-01
3.887959326958243533e-01
3.960232803307108806e-01
3.946232120762154238e-01
3.919426709953395260e-01
3.902501404939595631e-01
3.895663571585432638e-01
4.014232966039081862e-01
4.326489178544932201e-01
4.700755138455454674e-01
5.000518324183464980e-01
5.227253706522239085e-01
5.406528103234420346e-01
5.667249721407996432e-01
6.419317623890057334e-01
4.504260128382777673e-01
3.946060864976279614e-01
3.986737069785104559e-01
3.970430038040579923e-01
3.902152580525686254e-01
3.982569086463259023e-01
4.120465455806421318e-01
4.157703947956115087e-01
4.111841347132432212e-01
4.054324978370980048e-01
4.041479602152193706e-01
4.167653641080992788e-01
4.464247724881307278e-01
4.814232546811985092e-01
5.091012214549104353e-01
5.242887010630936651e-01
5.254995609234878184e-01
5.327478635092579573e-01
6.000577770008521661e-01
4.399539455634564611e-01
3.866678910331518004e-01
4.034447295361325292e-01
4.126307430802125253e-01
4.075182598340676421e-01
4.137311719730532023e-01
4.293504204499298815e-01
4.363115008385061167e-01
4.310812405496344812e-01
4.222506434599195835e-01
4.191717920625357419e-01
4.297383728413308734e-01
4.546154187496416199e-01
4.839398818052571549e-01
5.052524440928563010e-01
5.080142532572979874e-01
4.897351112041683496e-01
4.817097831666938834e-01
5.509976054898801934e-01
4.566569962536872751e-01
3.908704548922918853e-01
4.085864838415109723e-01
4.299801285198863177e-01
4.346060923014054556e-01
4.418061606006959963e-01
4.552596445937693304e-01
4.614069078702256466e-01
4.552682189628161069e-01
4.447981637844866665e-01
4.407284747842101780e-01
4.501314757466425842e-01
4.721552757114584331e-01
4.971637885777611121e-01
5.113498681931165635e-01
5.019053025239192944e-01
4.709287001956106167e-01
4.601607376240253178e-01
5.402321624941601730e-01
5.559347146714037624e-01
4.772340233222207573e-01
4.804876104281259330e-01
5.025120261491442530e-01
5.154845106567169655e-01
5.254171666006193231e-01
5.357703096104187157e-01
5.394510931934948239e-01
5.334449415062507693e-01
5.242814714974783907e-01
5.215760155415705146e-01
5.311408904989911584e-01
5.511075395515712128e-01
5.718794066276031707e-01
5.800874222627594445e-01
5.658904393468628946e-01
5.377983998837505553e-01
5.378295285743257548e-01
6.236405202570725059e-01
9.905104582481218944e-01
8.681146932955305928e-01
7.665786013565694113e-01
6.863722026378067387e-01
6.364268272082760358e-01
6.156899625828511358e-01
6.086914487931842643e-01
6.024097127404006713e-01
5.926417751239485554e-01
5.764418220079594590e-01
5.542719670718172509e-01
5.378122957308641983e-01
5.422590078498521482e-01
5.716864944443287300e-01
6.193787794779030964e-01
6.787023891765036065e-01
7.500448640043269055e-01
8.437206021253409460e-01
9.745858623706047386e-01
9.168242920414699793e-01
7.902777013599224798e-01
6.816205379633371031e-01
5.943280882997725723e-01
5.451028394568466773e-01
5.303920873226797283e-01
5.250255811240245318e-01
5.149335307102103076e-01
5.029243497564763743e-01
4.880883165017166903e-01
4.675462344681526883e-01
4.527355775782582192e-01
4.600638611982483805e-01
4.909779816296933053e-01
5.373978209928900185e-01
5.974052315365212529e-01
6.750749431602554029e-01
7.778572312203952954e-01
9.172559350507181186e-01
8.680617903546670178e-01
7.388380902812405893e-01
6.239402451300777308e-01
5.329720359123846229e-01
4.884651773073651615e-01
4.808007805694487491e-01
4.751800519486040209e-01
4.597250462905060342e-01
4.467743226080911345e-01
4.375818031821401277e-01
4.244857272976205742e-01
4.161738041446083614e-01
4.269209805923595002e-01
4.534888427437762104e-01
4.889971452876744618e-01
5.433605760775397364e-01
6.296602303313250104e-01
7.487709773675208513e-01
8.983910809608057768e-01
8.282519951794886648e-01
6.956544978404259894e-01
5.767322175288878139e-01
4.846838329556808489e-01
4.434869782850259234e-01
4.383967569745406134e-01
4.304410151127693318e-01
4.121607900941974822e-01
4.022878831164728997e-01
4.010124609066760826e-01
3.956336232398052211e-01
3.927951483045653003e-01
4.049244445173973972e-01
4.247068591056197828e-01
4.472577148532255187e-01
4.947766357623151201e-01
5.900016712314744005e-01
7.276057162885423146e-01
8.900787606702169619e-01
7.981031166042853453e-01
6.686169015119349801e-01
5.537474639339610150e-01
4.636127020608857841e-01
4.209099370572420007e-01
4.118471442378042191e-01
4.008996575254111239e-01
3.845853819423026287e-01
3.814938451767779792e-01
3.870749815975884633e-01
3.850964980650388725e-01
3.827823492596407196e-01
3.931243082663300470e-01
4.075852422969503674e-01
4.232329385268358557e-01
4.686707289406812915e-01
5.698261489452849382e-01
7.162729964418679263e-01
8.831038707207119476e-01
7.786658136184301249e-01
6.591996618009252629e-01
5.543203260256697185e-01
4.668887451182852644e-01
4.190178202260064211e-01
4.033360041779241456e-01
3.910352124019840225e-01
3.795315364891134191e-01
3.826783828548370181e-01
3.911946784878328476e-01
3.884276542474534022e-01
3.836333376437990328e-01
3.907270061856964460e-01
4.020912295661727143e-01
4.177186005304305283e-01
4.672862285868186749e-01
5.717827524574488063e-01
7.150085593364257086e-01
8.737296651413903881e-01
7.627452139336814430e-01
6.521712711819773745e-01
5.549836031029833361e-01
4.683680319602212538e-01
4.158853780152140800e-01
3.965698911099153623e-01
3.853648440276618015e-01
3.774272867860291036e-01
3.822220394765769580e-01
3.894994657346442235e-01
3.851599328450960869e-01
3.795646069019718016e-01
3.847641988204908436e-01
3.934815405894900309e-01
4.101195882610229049e-01
4.650149360805568843e-01
5.712972089334260595e-01
7.064464098962719429e-01
8.531591565935743304e-01
7.460327754362610087e-01
6.406496984304002051e-01
5.473879932403296067e-01
4.613475677558838139e-01
4.082569912813853730e-01
3.898736120248020853e-01
3.804966379142566968e-01
3.724969689937560613e-01
3.744011009934224976e-01
3.786540892011607262e-01
3.746037730258600096e-01
3.718692826706571086e-01
3.777954735887649740e-01
3.834988005017669899e-01
3.978809920529642330e-01
4.537439893266810298e-01
5.585239870058991141e-01
6.848850402759538714e-01
8.218090426459658815e-01
7.280075109719521542e-01
6.283916399033560030e-01
5.404470701665922139e-01
4.581257524698099104e-01
4.082204603790009489e-01
3.926311385717298208e-01
3.838996624889934317e-01
3.733129181372130123e-01
3.709903477922604775e-01
3.728145048570059572e-01
3.705574059655778463e-01
3.723212823631125712e-01
3.808411545150895972e-01
3.851014902325835543e-01
3.969441719810147262e-01
4.512126739837492018e-01
5.516220311851749436e-01
6.679984906539115919e-01
7.950140436168999791e-01
7.015032765311586260e-01
6.091801091227089238e-01
5.305568888626446267e-01
4.560731948819030102e-01
4.110613786248686896e-01
3.974940106194337908e-01
3.883231461628735559e-01
3.755365535638988117e-01
3.706333720385848185e-01
3.713141641571602314e-01
3.704881487090505576e-01
3.755355128264259434e-01
3.872756934378855931e-01
3.940334694266978133e-01
4.085625946638991035e-01
4.647881123462473951e-01
5.624045478372314832e-01
6.693057296214008911e-01
7.848437079777945691e-01
6.566904553561192515e-01
5.705920582511967432e-01
5.054088784928068012e-01
4.439714460936463603e-01
4.060601126992229304e-01
3.940013770417629679e-01
3.843388212213909583e-01
3.714145302040732233e-01
3.668206382877505778e-01
3.678352472918291483e-01
3.675385259623760170e-01
3.740691139194867176e-01
3.894644262538495827e-01
4.027478144911640356e-01
4.250091660845094488e-01
4.861230041158968174e-01
5.823346892356249249e-01
6.816422868699458792e-01
7.869287590488611706e-01
5.953921013170957455e-01
5.144561914821661475e-01
4.674993500460804530e-01
4.261398178980053686e-01
4.002362032948028059e-01
3.913755242090157793e-01
3.817658641438013145e-01
3.702685066531037350e-01
3.686122111060043949e-01
3.719868979108660323e-01
3.724934031173230409e-01
3.802304014021453682e-01
4.007476437217061260e-01
4.233136270490429620e-01
4.533716262137357234e-01
5.144230852046016711e-01
6.028248678593959298e-01
6.920839558635449862e-01
7.889988198371100658e-01
5.324415012589258644e-01
4.565860621575172917e-01
4.291858195693456501e-01
4.106135626088942558e-01
4.003672313974591113e-01
3.980096557737957674e-01
3.903206612987533131e-01
3.811834106814986356e-01
3.837142831051967296e-01
3.910338387133718285e-01
3.934037546054456325e-01
4.032033905050647071e-01
4.305612964707308254e-01
4.638233789755841219e-01
4.991626686888039899e-01
5.520384720869313533e-01
6.224391583422608232e-01
6.950782974583458174e-01
7.829138467202250151e-01
4.849064395484408152e-01
4.138899830774092070e-01
3.999635829924488295e-01
3.962436564623024182e-01
3.980932223406243864e-01
4.046572586168910579e-01
4.031726188771691533e-01
3.983622336549295095e-01
4.047114025739924070e-01
4.155059180450662026e-01
4.199446407980702567e-01
4.316281684440337330e-01
4.644547540257752960e-01
5.062950087883155703e-01
5.447318825844760237e-01
5.869105111129488961e-01
6.357970487196595855e-01
6.880684283645468469e-01
7.651674524874529926e-01
4.615453192033647234e-01
3.971444608792265019e-01
3.900771202163015872e-01
3.892677516140046201e-01
3.942458850389298775e-01
4.091269074368868441e-01
4.186525437519881265e-01
4.213301873973742673e-01
4.302362081004242889e-01
4.419149545320761874e-01
4.471226291884389248e-01
4.584860103683421340e-01
4.906876332112870553e-01
5.332453943299113597e-01
5.706731132878486434e-01
6.035014765208013277e-01
6.336157571123997023e-01
6.661026587499438989e-01
7.326267967686139748e-01
4.565285877848823670e-01
4.010428526802503058e-01
4.014357542134345813e-01
4.006142046040417348e-01
4.036349510110612826e-01
4.240519455273039640e-01
4.459059991789984245e-01
4.576879409758762840e-01
4.673386333083235922e-01
4.763943127400334099e-01
4.803431259651698149e-01
4.891845331584863121e-01
5.145750123414871702e-01
5.487542463109640334e-01
5.784130863960634805e-01
5.998099730432369103e-01
6.114301374892927576e-01
6.251700313349128901e-01
6.846546751358526528e-01
4.598925697575424465e-01
4.073946021703314102e-01
4.164164656590398916e-01
4.218958083560064853e-01
4.264701773044499156e-01
4.502205766140432441e-01
4.806143815122128071e-01
4.990491212443732838e-01
5.070178568051528778e-01
5.105731581437780164e-01
5.119213266517756988e-01
5.188139708012644569e-01
5.375760953607588988e-01
5.614476956351461823e-01
5.796211719438013610e-01
5.855851610550910635e-01
5.769845250584544338e-01
5.751213300247026705e-01
6.351836178757852558e-01
4.877552483357154856e-01
4.256839389194753132e-01
4.351750197013979360e-01
4.496461379806808711e-01
4.611847389684813336e-01
4.868279159616135665e-01
5.188937155957957792e-01
5.385926092454822456e-01
5.432177310606449705e-01
5.411999869367902782e-01
5.406082266135743275e-01
5.483395211280064352e-01
5.657564237403573948e-01
5.847406373077765895e-01
5.944246018144143662e-01
5.869364870555366931e-01
5.637373354277264159e-01
5.560278863811292105e-01
6.234893365387641495e-01
5.860319336143040569e-01
5.125660558233184894e-01
5.103368338237384005e-01
5.259584832034496227e-01
5.426271188907980658e-01
5.669136764601967471e-01
5.939817954045485404e-01
6.103344998912343389e-01
6.126214295653995556e-01
6.087702734761486489e-01
6.087504388596010063e-01
6.187298782110879358e-01
6.372731344602780013e-01
6.552153907239290920e-01
6.614745093907306028e-01
6.493849236556306082e-01
6.258639802470371549e-01
6.247830217534602326e-01
6.966701425750572163e-01
1.060285361313543895e+00
9.513350061063154950e-01
8.616101579486004081e-01
7.956946871767847096e-01
7.583390692359464058e-01
7.394539784570492991e-01
7.191942376813498239e-01
6.886605167697947838e-01
6.531357751573538817e-01
6.198674482291732790e-01
5.964280134235773190e-01
5.955408510905797481e-01
6.271250246740971424e-01
6.876399402165922492e-01
7.653351938753687467e-01
8.514578251902709116e-01
9.424485894477161452e-01
1.039940305449763569e+00
1.151301390928172408e+00
9.893643015814861386e-01
8.717075653693191484e-01
7.721050994491229780e-01
6.999865803582068224e-01
6.645369463731480852e-01
6.498742428780119873e-01
6.276565626280445898e-01
5.909907555741931162e-01
5.527668821297040402e-01
5.207268073020607790e-01
4.984167269362680397e-01
4.993696292852847218e-01
5.358042275339283123e-01
6.011017878648226009e-01
6.806264274271776049e-01
7.696583830155943051e-01
8.691314640970246863e-01
9.781385966183573366e-01
1.099158451975287498e+00
9.419726916990223131e-01
8.178531013079521905e-01
7.101317299783049819e-01
6.333746293875317512e-01
5.987976688522596014e-01
5.846221854904216642e-01
5.584100133316121095e-01
5.194369999609123045e-01
4.873836215445523923e-01
4.658170588625265562e-01
4.499751592391763033e-01
4.526291971210265608e-01
4.888411022767942260e-01
5.500953356660915894e-01
6.205959909684366504e-01
7.031121277939864633e-01
8.072799321025017072e-01
9.301065706252202858e-01
1.063902409931245296e+00
9.117940466514036224e-01
7.847807198978393739e-01
6.723316375853884974e-01
5.902268524225049440e-01
5.497784286094151707e-01
5.283754515441780875e-01
4.967837193591029266e-01
4.612728825635517005e-01
4.427823675872457621e-01
4.358639584482075779e-01
4.262359419931198712e-01
4.264623216420639906e-01
4.563886788275095530e-01
5.089330980529218618e-01
5.687117331727284952e-01
6.439763674343756961e-01
7.510688749078204829e-01
8.861152981148898711e-01
1.033159375348952080e+00
8.988275664963598643e-01
7.770248081842991983e-01
6.654807374727966796e-01
5.765998802789680244e-01
5.236268483450701172e-01
4.908659989959649472e-01
4.566920885079108761e-01
4.300435196895637802e-01
4.266596969327953737e-01
4.315658402040074559e-01
4.242205770251665786e-01
4.179243340979137411e-01
4.372535441034453019e-01
4.797588088271278473e-01
5.335297663987903505e-01
6.085972155425298791e-01
7.200178046256651143e-01
8.604621479420107022e-01
1.011508517548811437e+00
8.946104477825929102e-01
7.826392411774607538e-01
6.743689740384910536e-01
5.781831300180630961e-01
5.128980183309548302e-01
4.729470963087754054e-01
4.416059395431792822e-01
4.241555848515394800e-01
4.293434686335548811e-01
4.382901308525173345e-01
4.303625941158939483e-01
4.191165785834374269e-01
4.292846972450796716e-01
4.622825392163529834e-01
5.133713122289660369e-01
5.947859087625988472e-01
7.140697033421428142e-01
8.550831739014161936e-01
1.000032504298477232e+00
8.828146114818997692e-01
7.773204743020922791e-01
6.708308944471990110e-01
5.702478990041375262e-01
5.004318678331911574e-01
4.616773118624502015e-01
4.357433250759155108e-01
4.217711803525903136e-01
4.254866015837341919e-01
4.311731289914195742e-01
4.228418340912298845e-01
4.132351387643944385e-01
4.213626798635619064e-01
4.474217484781202181e-01
4.944013455263553958e-01
5.807746812767120570e-01
7.080712958736687934e-01
8.494619673497429968e-01
9.869915383007761278e-01
8.558138399532388974e-01
7.532803546410744566e-01
6.502961700247749111e-01
5.530138280680922946e-01
4.882582302486431214e-01
4.556866792230951368e-01
4.327641078378956507e-01
4.159254781527779166e-01
4.130119982910183118e-01
4.136071893302011304e-01
4.064561859745605688e-01
4.036803294350241877e-01
4.170117566014277521e-01
4.406146039833516159e-01
4.811800902628864396e-01
5.650655924275582720e-01
6.936011098352252713e-01
8.334435279561789311e-01
9.660895136710252462e-01
8.158662904741176281e-01
7.180019743288126310e-01
6.250904245981898644e-01
5.394728746792463170e-01
4.848849956155170116e-01
4.579597521716247677e-01
4.346227308403172174e-01
4.134196721179712597e-01
4.059171829480989757e-01
4.042881844978483130e-01
3.993043163731417877e-01
4.037346153888936584e-01
4.252453730799330422e-01
4.515747138999972599e-01
4.881850517827930336e-01
5.657347454466807868e-01
6.879119267189128806e-01
8.204431886480816338e-01
9.464767393752138158e-01
7.631267813695514768e-01
6.718252372575672648e-01
5.938271282729021827e-01
5.234005353299109320e-01
4.785400758778770580e-01
4.550934528610410812e-01
4.313948967394585221e-01
4.089277376242723694e-01
4.008308973879786130e-01
3.996550364672883937e-01
3.970247275327885017e-01
4.068836721928628108e-01
4.360442578766556831e-01
4.690604885610087926e-01
5.086033200141741872e-01
5.843090398957897502e-01
6.996874689768950439e-01
8.217182881627311808e-01
9.375474167577440010e-01
6.963314522039270038e-01
6.102842618635970773e-01
5.482086465426661004e-01
4.930455821970389785e-01
4.561641159668294865e-01
4.358227692689558008e-01
4.149211644417902800e-01
3.954377788230591939e-01
3.890543079902324397e-01
3.890175326860074723e-01
3.887962910379416659e-01
4.027867691367048586e-01
4.376875205056600660e-01
4.782697639122786004e-01
5.255617968387251704e-01
6.049034704170972443e-01
7.167103247993404924e-01
8.295612292539058519e-01
9.352881032873070488e-01
6.222477327194577690e-01
5.401894696846898380e-01
4.951125470137869300e-01
4.569018751061935113e-01
4.291372235013739544e-01
4.133995218692034790e-01
3.980579015190326420e-01
3.846415281598820624e-01
3.821308605124895674e-01
3.844159739213934834e-01
3.866969986307999818e-01
4.031921032807805894e-01
4.411794829676813912e-01
4.873558372334134692e-01
5.409455551271373785e-01
6.213970749935182614e-01
7.267390499530450576e-01
8.299561209821830765e-01
9.280882735983766452e-01
5.546959637017705447e-01
4.760572504086904022e-01
4.478221903824470829e-01
4.282168697162345161e-01
4.126125391993877844e-01
4.038492287071229203e-01
3.948986985764877389e-01
3.884633177666327875e-01
3.922557464892542090e-01
3.993669492218829831e-01
4.041805475102382417e-01
4.207274755007466283e-01
4.590129498178554535e-01
5.080362618413776232e-01
5.628483913658435256e-01
6.359260370683150754e-01
7.261463074094964831e-01
8.156374733882707506e-01
9.079312137751081035e-01
5.072249688851655502e-01
4.301543379063312855e-01
4.126908542291509718e-01
4.068023059769423355e-01
4.031812986093545881e-01
4.035276364997231191e-01
4.013960480239728845e-01
4.007553119855247203e-01
4.106686731057651585e-01
4.235867097976859785e-01
4.309772503118463050e-01
4.459599388812662824e-01
4.820476975176679613e-01
5.304383034445607770e-01
5.813344792459966826e-01
6.410490654446112657e-01
7.114139462431632310e-01
7.853938201670638275e-01
8.735097199993955286e-01
4.884972408363748020e-01
4.125170589206827998e-01
3.974608330122750832e-01
3.946012370715519246e-01
3.970327848950070404e-01
4.066048173713758818e-01
4.128499860485628226e-01
4.168916310211459031e-01
4.296404776226743216e-01
4.459096812844234314e-01
4.555791482858120300e-01
4.689559429329350770e-01
5.000748283075544531e-01
5.420906396664866289e-01
5.839449053841028192e-01
6.292175156599080221e-01
6.819014386333759337e-01
7.427551561300511640e-01
8.286589703535482965e-01
4.967944403493067540e-01
4.240330704798174200e-01
4.081837944036854626e-01
4.008116262881205039e-01
4.019698889736329495e-01
4.182485112427398732e-01
4.347517789103347852e-01
4.445730485172525448e-01
4.571496634537848269e-01
4.724323069113491869e-01
4.829513836722276743e-01
4.953015900494415202e-01
5.196494505984365908e-01
5.504032054638052784e-01
5.795435028870956629e-01
6.108863390892320666e-01
6.484290506386949371e-01
6.975503452604518984e-01
7.818881206912080550e-01
5.230809573538126589e-01
4.517201434890636413e-01
4.352278937680509330e-01
4.238556983691781355e-01
4.215557459742389490e-01
4.412798204392460732e-01
4.676261733476838600e-01
4.847603563633722246e-01
4.963534577672843451e-01
5.072010419773820278e-01
5.164092653197949190e-01
5.287096337164520765e-01
5.486516572139412684e-01
5.704508789457607421e-01
5.891015639056478292e-01
6.080410064401680081e-01
6.304233070012565943e-01
6.669306050719601142e-01
7.492713006246431995e-01
5.737306779825477321e-01
4.970819888261781561e-01
4.772031683115609546e-01
4.657256091006303222e-01
4.632385518638326705e-01
4.837805087569337914e-01
5.151339779844756883e-01
5.375028046670955462e-01
5.481385004606400546e-01
5.539617680056967419e-01
5.609729360077995164e-01
5.746129345632891017e-01
5.954125942315298126e-01
6.162613013099109693e-01
6.317897314526754737e-01
6.426704577134456642e-01
6.523481225169980302e-01
6.782310387218299930e-01
7.577424702024080361e-01
6.792188987679192991e-01
5.976812112614251493e-01
5.706241430365903700e-01
5.599118888745149292e-01
5.597734319749807508e-01
5.780761714701299070e-01
6.064315859978286483e-01
6.280970979924374031e-01
6.375139733310044576e-01
6.408007982646792833e-01
6.469405191955224232e-01
6.621296449706783882e-01
6.854062877449556002e-01
7.091057780269580668e-01
7.261715415313578781e-01
7.345372485605081714e-01
7.392090477617649924e-01
7.610705051070232319e-01
8.345407289083657254e-01
1.057713500383813177e+00
9.565302871372025617e-01
8.881626932026120969e-01
8.519230810245814745e-01
8.412021796063873236e-01
8.387152751951809648e-01
8.247657306664777366e-01
7.940638092828713468e-01
7.571387841991994438e-01
7.280773771694155627e-01
7.186808661527144260e-01
7.388319082298102636e-01
7.915758048920142897e-01
8.690656371061948882e-01
9.586772997600641055e-01
1.050479743780507347e+00
1.138473259326260978e+00
1.222705491239122422e+00
1.310949104458850600e+00
9.844977935548553383e-01
8.740420711839478329e-01
7.991391583079603400e-01
7.618343484613900873e-01
7.558863403322049201e-01
7.575202375084955086e-01
7.405823528118802290e-01
7.022747425808701927e-01
6.601107573931517258e-01
6.300767801448250438e-01
6.219131648074687213e-01
6.454572868618759784e-01
7.039475580017866552e-01
7.866145719469397335e-01
8.792621366457875620e-01
9.754561047273688779e-01
1.072161597067815553e+00
1.166794764995521927e+00
1.263121413093209133e+00
9.474451549976294906e-01
8.343106293393123263e-01
7.553569202536674076e-01
7.157078554866393993e-01
7.088637983518470964e-01
7.066293496212701086e-01
6.820527628271984000e-01
6.387621782795660508e-01
5.993491663663799152e-01
5.760924816338919285e-01
5.721086221428777208e-01
5.961821961877062925e-01
6.535459323223462569e-01
7.325467736603945568e-01
8.183882558028126031e-01
9.098133083814490263e-01
1.010190569213133660e+00
1.115834961471484865e+00
1.222949424020570053e+00
9.362483663637437559e-01
8.266838241649687724e-01
7.475771871475944685e-01
7.033349961551123020e-01
6.864377376248245177e-01
6.703169825321866337e-01
6.349666354016672010e-01
5.915790971944714371e-01
5.623292659190437526e-01
5.501902022714220131e-01
5.494554550394621373e-01
5.685745334683387497e-01
6.180582915736021477e-01
6.893826462067682570e-01
7.675285652010306325e-01
8.526559874354184831e-01
9.524112914637183902e-01
1.064921512176104201e+00
1.182401693407315824e+00
9.403782719096489551e-01
8.401635479001923201e-01
7.641410131137165163e-01
7.123684831901071490e-01
6.788531907307056024e-01
6.458486890179846451e-01
6.035939215453931528e-01
5.664746360010113335e-01
5.504406018224137220e-01
5.483355209520026641e-01
5.477737426829762946e-01
5.575814579205256027e-01
5.943442595800245698e-01
6.563254122677939506e-01
7.309083750473774899e-01
8.157433918002732209e-01
9.155057489242044433e-01
1.028556763588234890e+00
1.148924364934894138e+00
9.457418815354525776e-01
8.556467901744355675e-01
7.818288795946095604e-01
7.208155994848344239e-01
6.726112898637395254e-01
6.301910710129063897e-01
5.890452044295737544e-01
5.597828239449180732e-01
5.513595234888586383e-01
5.527805350461674205e-01
5.509523377240914677e-01
5.543860927220793933e-01
5.808399060166336003e-01
6.338902379275292986e-01
7.070891092186546434e-01
7.975535365393686682e-01
9.021837665392000716e-01
1.013712086276127078e+00
1.129168876476908778e+00
9.368087794653057188e-01
8.517079870060677571e-01
7.770938147704575805e-01
7.095391808369690967e-01
6.562693406334225710e-01
6.154638573644799493e-01
5.793156457550447946e-01
5.516631369904880788e-01
5.396744129228978615e-01
5.369416518617731171e-01
5.352757972729238478e-01
5.420493145273799218e-01
5.690676963069218885e-01
6.179473562849109314e-01
6.885231374550013772e-01
7.835575890604458138e-01
8.953220213727650645e-01
1.007610694938617213e+00
1.117058912503584578e+00
9.068918916758432758e-01
8.222549279010658019e-01
7.478086767187053230e-01
6.811764740805603680e-01
6.328333768447651497e-01
5.989443254851360976e-01
5.648817148697733437e-01
5.313534658961223123e-01
5.095713626544173813e-01
5.003803877250203591e-01
5.013085450921468400e-01
5.194674525864242387e-01
5.583773953802348977e-01
6.107631417642074290e-01
6.778263874036927206e-01
7.711094099590658502e-01
8.854207970576684072e-01
9.986256701108644496e-01
1.104480624111110254e+00
8.586723454450089221e-01
7.744222874645247945e-01
7.056664333383166898e-01
6.476310930699187285e-01
6.083541759335822086e-01
5.796296996548031544e-01
5.436408965088139755e-01
5.034919647235558404e-01
4.755853012608648456e-01
4.641433069149369928e-01
4.692239492723253580e-01
4.994891878029843468e-01
5.538641017041818770e-01
6.155020951737326662e-01
6.817194883989730059e-01
7.696975505575285315e-01
8.799993899738640657e-01
9.900114633451262414e-01
1.092020016874931221e+00
7.962249150509999041e-01
7.131828513531135449e-01
6.544954017741937413e-01
6.081013729911459720e-01
5.764171969710540910e-01
5.499673258391741815e-01
5.131675870943970263e-01
4.725280486189384899e-01
4.460236844651412902e-01
4.372527714022997891e-01
4.465919484730955791e-01
4.847644358403850884e-01
5.503568792723902980e-01
6.217731889061974826e-01
6.917690695160163550e-01
7.775547489962191250e-01
8.825157544766781825e-01
9.862223357283832481e-01
1.082483949193868922e+00
7.241853803058342365e-01
6.410579510924945268e-01
5.927071778255779133e-01
5.567528668419976512e-01
5.299873848613727567e-01
5.063091387783171804e-01
4.749790101002080434e-01
4.419585412803246349e-01
4.217517394557193100e-01
4.168435906961938109e-01
4.288132526506496234e-01
4.694524423673671620e-01
5.383459826886691779e-01
6.148050148954065097e-01
6.902341279035109078e-01
7.783754857001712324e-01
8.809671647289416541e-01
9.796573068109821758e-01
1.071329856806950920e+00
6.519154527873283200e-01
5.665649838252377890e-01
5.265932878520205307e-01
4.993748179149588573e-01
4.772608126694444231e-01
4.595929698438756539e-01
4.401253370273781051e-01
4.204918143580846923e-01
4.087481280455895760e-01
4.068557237416183803e-01
4.186182370584758949e-01
4.560064444945444162e-01
5.199212565871391689e-01
5.939593357949712882e-01
6.708199144745246034e-01
7.601291157095046991e-01
8.609094883492640626e-01
9.573875031069793984e-01
1.049292102885601263e+00
5.920790393440473753e-01
5.023753049500279122e-01
4.672282608357938294e-01
4.473624878295940910e-01
4.320135688614228364e-01
4.236029401212981771e-01
4.176295352748213840e-01
4.113893925118627948e-01
4.079903419329493630e-01
4.089280259902143833e-01
4.188148246251892637e-01
4.491474999648150668e-01
5.027766419904533546e-01
5.680333019926004923e-01
6.390072041347769627e-01
7.226167903281512928e-01
8.180644572955422245e-01
9.139780880124519502e-01
1.011679156021216386e+00
5.564850704581900676e-01
4.608800708133855561e-01
4.248294912175678562e-01
4.083998414485419115e-01
4.004397895289300013e-01
4.021463034072747522e-01
4.060334777947478546e-01
4.068478030141373658e-01
4.078357515711354964e-01
4.113985124130870030e-01
4.206893682069323681e-01
4.449929080470880205e-01
4.880901454539294804e-01
5.413688309808186716e-01
6.001893070632990934e-01
6.719896559539049186e-01
7.595804190531449951e-01
8.562507460548227645e-01
9.631557861195578774e-01
5.525840968084827498e-01
4.530311235040296314e-01
4.113407117271870028e-01
3.911849094317196851e-01
3.856990763947223400e-01
3.943210904423051222e-01
4.031660694573528936e-01
4.042158662750812148e-01
4.041825735842980993e-01
4.088673572905987541e-01
4.197175392182894704e-01
4.417974915651683432e-01
4.769500747281427699e-01
5.177934167353304140e-01
5.625102714763376976e-01
6.221126178220690583e-01
7.030312175455402102e-01
8.006228077977057822e-01
9.153948347236680050e-01
5.779057149382966774e-01
4.794529122321131709e-01
4.321346295222234790e-01
4.023364550138821549e-01
3.907798643368076696e-01
4.000613894694731165e-01
4.117988100527050221e-01
4.129318242000692418e-01
4.107732872815037517e-01
4.146367384294458169e-01
4.264540320390539652e-01
4.478884526285265011e-01
4.776674847503823429e-01
5.091427802228278843e-01
5.441317129170386568e-01
5.961857010246864874e-01
6.715289542054223570e-01
7.655774315396219887e-01
8.813706857446081955e-01
6.227275520276975840e-01
5.271473721413910685e-01
4.769396761596991219e-01
4.378486700141728249e-01
4.159257982813897581e-01
4.209627347225621818e-01
4.359544083951829574e-01
4.421886271784898348e-01
4.415162325480972427e-01
4.435590258941990438e-01
4.533153470065300894e-01
4.731302306900415644e-01
5.008869420384605142e-01
5.307999160341223543e-01
5.654237511055770771e-01
6.152462389598096770e-01
6.825285034596699774e-01
7.647784811942386352e-01
8.728714447203178572e-01
6.894188655998476634e-01
5.943081647290751057e-01
5.426941340685715875e-01
5.004722458768449123e-01
4.727030966508238841e-01
4.731546920763476383e-01
4.902794535704257939e-01
5.033247953028512356e-01
5.067439864423055607e-01
5.073740402107898007e-01
5.136979030142465596e-01
5.318016633114315272e-01
5.614138743365548745e-01
5.972830879846664498e-01
6.383945823369063799e-01
6.875326324443915560e-01
7.431642847047719158e-01
8.084104519012316192e-01
9.030781365917801562e-01
7.995836381430996287e-01
7.072239994472191427e-01
6.551825016244061661e-01
6.163402950227829802e-01
5.908967628694252738e-01
5.890215271858956214e-01
6.040746297307055812e-01
6.189325452010883133e-01
6.249259573027030612e-01
6.256996252856747986e-01
6.306469782053898410e-01
6.480635049049157104e-01
6.795073100176578507e-01
7.201036689454767270e-01
7.647107912070358893e-01
8.098509549051069456e-01
8.535479270433909971e-01
9.040975905888690711e-01
9.834710322223312318e-01
1.014677988888455396e+00
9.190433103745649923e-01
8.702825985857052249e-01
8.598629661035619431e-01
8.733511872335786297e-01
8.927668671581667770e-01
9.011341785033968321e-01
8.930618242257160055e-01
8.772153824923767385e-01
8.677628045531680101e-01
8.767431265842886567e-01
9.112115792861401609e-01
9.708561329562268583e-01
1.047899382319082973e+00
1.131354882531304451e+00
1.210985724330754687e+00
1.280691741495804115e+00
1.344368531921558807e+00
1.414861009770912448e+00
9.396778987034992703e-01
8.353193678729411431e-01
7.818536707346441794e-01
7.713671712630154609e-01
7.893428483956279607e-01
8.138145515487136272e-01
8.227263061803040678e-01
8.106515621338474809e-01
7.905324786255314429e-01
7.794900580232846377e-01
7.897653448530523868e-01
8.278579926767739572e-01
8.920485667325728230e-01
9.724098746606895105e-01
1.058040797582923798e+00
1.141488552787287336e+00
1.217877271597013644e+00
1.289095490274752454e+00
1.366231125044717221e+00
9.132572730166688135e-01
8.092650251378483706e-01
7.523381517159630771e-01
7.376661630678338355e-01
7.521933938847484846e-01
7.720013979822388794e-01
7.740723253296606376e-01
7.559985579124002264e-01
7.340827532565037394e-01
7.248713084536129170e-01
7.376615120603171594e-01
7.772233076489953874e-01
8.410400603470553627e-01
9.180413950923209665e-01
9.982287432944239036e-01
1.079050345714188897e+00
1.160148797263417464e+00
1.241454201159941428e+00
1.327288709316908788e+00
9.154476323579971986e-01
8.183364707428086859e-01
7.622515418022317579e-01
7.427766043708543542e-01
7.469362178805649677e-01
7.526201662085836297e-01
7.422135018478419610e-01
7.186956784616960192e-01
6.987778748027722031e-01
6.943361782473853605e-01
7.093855627839411593e-01
7.468514333413713846e-01
8.057058362013553854e-01
8.765522185416940726e-01
9.500080635489840386e-01
1.025501496385978983e+00
1.106613093559342342e+00
1.194417741571392133e+00
1.288734118650984639e+00
9.248768813079348838e-01
8.379324249350859066e-01
7.867926567298897389e-01
7.633163284419473005e-01
7.543518867711007658e-01
7.441106916233644064e-01
7.237483881162589672e-01
6.998499002305784700e-01
6.857408402414379989e-01
6.871497880806507474e-01
7.030957005116356129e-01
7.348005046536489893e-01
7.841108059044723522e-01
8.468097289095957159e-01
9.157583833132756368e-01
9.885994918801892517e-01
1.067689081131266260e+00
1.155671294540867367e+00
1.253377181891037973e+00
9.265424316230121971e-01
8.485940494269701428e-01
8.023490008529248207e-01
7.753982254487747916e-01
7.567393962320787537e-01
7.381247222587430379e-01
7.160388493783422792e-01
6.957514012198360298e-01
6.862673098325959842e-01
6.907403319077309867e-01
7.068053225117232330e-01
7.338833066443464226e-01
7.742517942421240917e-01
8.285879122476966785e-01
8.946925834853285409e-01
9.691377332155715063e-01
1.048867554235378474e+00
1.134185156753202861e+00
1.229000861586704074e+00
9.117478808690715475e-01
8.376205486365240205e-01
7.929963122083445448e-01
7.639850131487697649e-01
7.432304530422204625e-01
7.259742656924976778e-01
7.071497298879627635e-01
6.880713701672636073e-01
6.767623148151138412e-01
6.792190567088574049e-01
6.958212587990377784e-01
7.248885417867958481e-01
7.650292089276200524e-01
8.162908629971417085e-01
8.808381493791055394e-01
9.582991770602493631e-01
1.041803935476473875e+00
1.126025077086918902e+00
1.215639424807609226e+00
8.795702538914635937e-01
8.043313181464590844e-01
7.594663829690997403e-01
7.313492485921548880e-01
7.142357030064592216e-01
7.013090403460149336e-01
6.829269278604626070e-01
6.593612400466373202e-01
6.418809999333239258e-01
6.403871745363176604e-01
6.584479177963644680e-01
6.954079689612164827e-01
7.457328999922889778e-01
8.031360500844295647e-01
8.692962152800771669e-01
9.488174965657096838e-01
1.035992816267399030e+00
1.121020311299539607e+00
1.206845097970457470e+00
8.352956855170199368e-01
7.573625796494887208e-01
7.136774221774038196e-01
6.891411280431563036e-01
6.756775036326889694e-01
6.624238640358910413e-01
6.382611267569582303e-01
6.076247975320649974e-01
5.862180968892758415e-01
5.839804729382240822e-01
6.044805405591651137e-01
6.499840872856490481e-01
7.144873197717420688e-01
7.847433045060188128e-01
8.572564616318953945e-01
9.390260623426398556e-01
1.028057441677840744e+00
1.113724062090780231e+00
1.197463536551309993e+00
7.851481925124672578e-01
7.046809777609919223e-01
6.640572811997917935e-01
6.434018272867623178e-01
6.299731893027886720e-01
6.113214272823526141e-01
5.794847812770558271e-01
5.444509827903789567e-01
5.238590253345398740e-01
5.244216959483445351e-01
5.475087808983165605e-01
5.982304178672839257e-01
6.732555913852176221e-01
7.562318411470265733e-01
8.381619370885138309e-01
9.244573236898911972e-01
1.015153774532160380e+00
1.101162446427143449e+00
1.184218450892962737e+00
7.344001958069843461e-01
6.503773062811972760e-01
6.119261623835856589e-01
5.928134180903534833e-01
5.765313477486671001e-01
5.531626202323149943e-01
5.194675062953264533e-01
4.866657190966825475e-01
4.697382710208233281e-01
4.724193025733764983e-01
4.953614041166345405e-01
5.455232310419959596e-01
6.226461797704772039e-01
7.117567883502955439e-01
8.015784582989660123e-01
8.939210980468899059e-01
9.879361436724929391e-01
1.076336897386090508e+00
1.162061203329694425e+00
6.892212446752674637e-01
5.986409480979060227e-01
5.581236275011842718e-01
5.369004497568927725e-01
5.176434353220145113e-01
4.952351585845775617e-01
4.692359020662015823e-01
4.462438599543629980e-01
4.345918183477559538e-01
4.362836574092594510e-01
4.537784053253952621e-01
4.958031338392254739e-01
5.650025433117920048e-01
6.504860559729024327e-01
7.418241063626211940e-01
8.378282267685528417e-01
9.361579317925250443e-01
1.031067858357565648e+00
1.125605841312052435e+00
6.575259326176730035e-01
5.566443012166439885e-01
5.079523694269749701e-01
4.809835763585263990e-01
4.606379609867279346e-01
4.449200888641873242e-01
4.321469715171111226e-01
4.219176549059646675e-01
4.160324698393287335e-01
4.154602264501543463e-01
4.245578983469386891e-01
4.536222364066269108e-01
5.080479216532580722e-01
5.812405026838902700e-01
6.651322201469831441e-01
7.585519083046512456e-01
8.602253337561316382e-01
9.657283329151844509e-01
1.075485744704444802e+00
6.479661005843488919e-01
5.354823586808641345e-01
4.736709564212260304e-01
4.376780424275432679e-01
4.173073174269603669e-01
4.098825831902099814e-01
4.079284403197342979e-01
4.054384679741869224e-01
4.025003328412726233e-01
4.007736633648155689e-01
4.045852272877410449e-01
4.234498633750329866e-01
4.632978103399192360e-01
5.199466839486936998e-01
5.889467050054109087e-01
6.737738076836197187e-01
7.773042789774600170e-01
8.950410948880171969e-01
1.022060187955527555e+00
6.660591861765814414e-01
5.463487326675926514e-01
4.714065749243947501e-01
4.236920196919542470e-01
4.003927644123348450e-01
3.974577092772120235e-01
3.997624132248507323e-01
3.973458705899246546e-01
3.928747368164982046e-01
3.909727393111783744e-01
3.948324057340775184e-01
4.103842707098253051e-01
4.408044774479464856e-01
4.823652536599738472e-01
5.356458382225568471e-01
6.113969735466500133e-01
7.161177957338782374e-01
8.426387107827559841e-01
9.810558156308162303e-01
7.082993771291286045e-01
5.893974084610331676e-01
5.071683297660380951e-01
4.474806630830192589e-01
4.154681960798882745e-01
4.101408644590400776e-01
4.122947428427610195e-01
4.080564961654689071e-01
4.010071920608118123e-01
3.982910338544964901e-01
4.030515555707883113e-01
4.184577170488361642e-01
4.447942202794101796e-01
4.785625952608036915e-01
5.245022286714355886e-01
5.970636272778484521e-01
7.014154601437909697e-01
8.269790778062484637e-01
9.644233257527030645e-01
7.656043199703348456e-01
6.526742725885237295e-01
5.709581401541221624e-01
5.039281342092918337e-01
4.610158182776948887e-01
4.484531952373473906e-01
4.496793506312763977e-01
4.473328140124621655e-01
4.405610810946007927e-01
4.356807675432612381e-01
4.378129594962547610e-01
4.517413640166803024e-01
4.783818878505639027e-01
5.150778881653124142e-01
5.661978135278542545e-01
6.417025326708116761e-01
7.406948831535835609e-01
8.527924123482581997e-01
9.769316716338085627e-01
8.396944418763985230e-01
7.337568180986191457e-01
6.578193859184082726e-01
5.919852812648507268e-01
5.439776485772511716e-01
5.250241231690080390e-01
5.251842030532527517e-01
5.265709416384845021e-01
5.221290638856415089e-01
5.150165781464788317e-01
5.129583463944382693e-01
5.249904598109713660e-01
5.551216196375854395e-01
6.012700096635517077e-01
6.628493629200269410e-01
7.401926633119400023e-01
8.268041634346396940e-01
9.174673450741996916e-01
1.021903424132982741e+00
9.469372531381423652e-01
8.508577062764610677e-01
7.829399758675608112e-01
7.257115231431199298e-01
6.820823607023349666e-01
6.615510502432671025e-01
6.594709829942759782e-01
6.615537270648235157e-01
6.585736328160542996e-01
6.513443058557037979e-01
6.483478182907644882e-01
6.603843917500200611e-01
6.929976208294752471e-01
7.440136697732748772e-01
8.080969488394691425e-01
8.787412635067513023e-01
9.486666630764242214e-01
1.018701562315362796e+00
1.103245662198554244e+00
9.654055309474161017e-01
8.759330294527472027e-01
8.379523061931730687e-01
8.379278360950905835e-01
8.609920731226550217e-01
8.929549593570857979e-01
9.194324405277087831e-01
9.333542123038454097e-01
9.398417367694884561e-01
9.507303974155534299e-01
9.764350119367206648e-01
1.021547507284240375e+00
1.083652076019229193e+00
1.155569126536703184e+00
1.229400625423066717e+00
1.298182760302297289e+00
1.357936300573676647e+00
1.413661144280604187e+00
1.478321017877177512e+00
8.924231757303018320e-01
7.973140843839447989e-01
7.557317797550213712e-01
7.532703460170382392e-01
7.770624959401031262e-01
8.127600167521022989e-01
8.423522594958852139e-01
8.566492690437150781e-01
8.622634168571372548e-01
8.731294649254870421e-01
9.004648108719479627e-01
9.487143565277182944e-01
1.014082245356919820e+00
1.087485237644850722e+00
1.161324416586468677e+00
1.231198021972446099e+00
1.294429733452258535e+00
1.355185155403592745e+00
1.426020842585273840e+00
8.707964694448397935e-01
7.779402597307871758e-01
7.324633620142753099e-01
7.228493890663765242e-01
7.401632624344711697e-01
7.710993397042074093e-01
7.968998488768295196e-01
8.087315658706946131e-01
8.141351741246825036e-01
8.264018528622565363e-01
8.551449676730475957e-01
9.040422911636940562e-01
9.687794846406521110e-01
1.039135298841962207e+00
1.107923778321925790e+00
1.174577826235490452e+00
1.240380239055493661e+00
1.308481329954179984e+00
1.386273184719485130e+00
8.735545062885519130e-01
7.869161456681212918e-01
7.411308217762153649e-01
7.259676775278787186e-01
7.338731532698274940e-01
7.537355608832081444e-01
7.707386356566001684e-01
7.792792843349301002e-01
7.866141334203693436e-01
8.025656879849498715e-01
8.328980657282145650e-01
8.797706525186033133e-01
9.399783699245414237e-01
1.004749143545075718e+00
1.067404877184655820e+00
1.128983564327217692e+00
1.194239787595641866e+00
1.267315229817498112e+00
1.351377910285184392e+00
8.752483559653490008e-01
7.958418625671761504e-01
7.547219122049384499e-01
7.387396538561266102e-01
7.388420899063556924e-01
7.477363710207356462e-01
7.573848037854129522e-01
7.654858726991395912e-01
7.773597397659768315e-01
7.986153296857367856e-01
8.307316273810732010e-01
8.732710644813475032e-01
9.246528432707015188e-01
9.808769274824813422e-01
1.038025101119122606e+00
1.096285006218480351e+00
1.159787645852722315e+00
1.233629328615122533e+00
1.320526050664620143e+00
8.631992212398411635e-01
7.893885576884900335e-01
7.550727252772604370e-01
7.422356020257683262e-01
7.398696422010690998e-01
7.444917427296149359e-01
7.529464547441859779e-01
7.636427021797673742e-01
7.797048947508591343e-01
8.049364490168822162e-01
8.386976524108091802e-01
8.774583683488645924e-01
9.194439679606332128e-01
9.657230926673396887e-01
1.017726527794877711e+00
1.075462630378792861e+00
1.139131103953987312e+00
1.211857507600862416e+00
1.297584204572728606e+00
8.356151538081670882e-01
7.633530906387531179e-01
7.344585902648126385e-01
7.272920751758884528e-01
7.289666082806547376e-01
7.365521339135159273e-01
7.474472186513487770e-01
7.596182565587477065e-01
7.760809614920198829e-01
8.015750952058400269e-01
8.359267688127509643e-01
8.741169240767530102e-01
9.125447759817222337e-01
9.534937276153936381e-01
1.002439215362326053e+00
1.061334491885613796e+00
1.127380782751438382e+00
1.199790837417124445e+00
1.282710500032594680e+00
7.989513619835015845e-01
7.245991741578501344e-01
6.990890518731851522e-01
6.987219996490132701e-01
7.071775073876604978e-01
7.178202315018422652e-01
7.269424082713649149e-01
7.352012492907071817e-01
7.484516314196980602e-01
7.716906529260310066e-01
8.049874292308905055e-01
8.450991686477793419e-01
8.883376278239893953e-01
9.339770332823928989e-01
9.860252391968042929e-01
1.048001851237597704e+00
1.117311288703656258e+00
1.190695465954614729e+00
1.271553763689436956e+00
7.638435519410153862e-01
6.865427275791367023e-01
6.632899953598894172e-01
6.682499507573589348e-01
6.796736549500788094e-01
6.855780430814475412e-01
6.833621405878669286e-01
6.811557809497621463e-01
6.894694700127028675e-01
7.106045038767330180e-01
7.422320450277666293e-01
7.849041991964909037e-01
8.382943339522770376e-01
8.976872268319553427e-01
9.606881313265112077e-01
1.029368992873727517e+00
1.102909836103907137e+00
1.178383849701440944e+00
1.258958016978699135e+00
7.385328495880938426e-01
6.589227574272946697e-01
6.361901765621897908e-01
6.417332465371254901e-01
6.486625669126533378e-01
6.416570564569306079e-01
6.216814088630324697e-01
6.052779919058579594e-01
6.071373540343709685e-01
6.260115387194074010e-01
6.560521085621076054e-01
7.008508825708696932e-01
7.644414805161852122e-01
8.398833246698158561e-01
9.180021514879184164e-01
9.970789325295594807e-01
1.077131781635747743e+00
1.156851609461144292e+00
1.239965893118749829e+00
7.257043432116538906e-01
6.433025467585022916e-01
6.173002485159500008e-01
6.169724365590540938e-01
6.135254079308640751e-01
5.922311563458502182e-01
5.575467366836273087e-01
5.297367065736007241e-01
5.243144282679550461e-01
5.380687504194672233e-01
5.638501002964992903e-01
6.071806988094008428e-01
6.753078151458995482e-01
7.614422409042920226e-01
8.525688768825081532e-01
9.430096874776905391e-01
1.032029377385005553e+00
1.119521871282782355e+00
1.209609789124128199e+00
7.247515292537625164e-01
6.370497295236539070e-01
6.025627960650445925e-01
5.908671657709636538e-01
5.753472366080096823e-01
5.448197983164493330e-01
5.053975746456396134e-01
4.749389410553961355e-01
4.649958841810608590e-01
4.706972889018090633e-01
4.861910718176238877e-01
5.199498488520664097e-01
5.827403849528312030e-01
6.698482806286516489e-01
7.669559194914989941e-01
8.654954078971566211e-01
9.638396446937322892e-01
1.062606914282609338e+00
1.165101139837255717e+00
7.355542484782118251e-01
6.389570335687362324e-01
5.907401722341476535e-01
5.645675437580417455e-01
5.387489580703337388e-01
5.052129897506800749e-01
4.692279155652494538e-01
4.437487521333169926e-01
4.343776340944602854e-01
4.330622501801628665e-01
4.349883337051663190e-01
4.527823250428926194e-01
5.020119406850251931e-01
5.806031366709798469e-01
6.740333124040787105e-01
7.733613022750174260e-01
8.783753660892712478e-01
9.903966801158659017e-01
1.109784273996119230e+00
7.607467168042991723e-01
6.532472293283477782e-01
5.876840853999341086e-01
5.457259395814901826e-01
5.122763938206580381e-01
4.793734621035898869e-01
4.481827082219629332e-01
4.278456155393182136e-01
4.211036527017060216e-01
4.171366786538341920e-01
4.101211592126672301e-01
4.148597462497947141e-01
4.498562897416329420e-01
5.141742326125919860e-01
5.946100211276812431e-01
6.864822468448994464e-01
7.941859775873045812e-01
9.188217237982416741e-01
1.055455858414649839e+00
8.038994512961248340e-01
6.883887405339825794e-01
6.061265096327708157e-01
5.481640683306947537e-01
5.078160377759499688e-01
4.760621450458257797e-01
4.473624202633248448e-01
4.276427974532543974e-01
4.209674929946749522e-01
4.172707074867401111e-01
4.094088949548961853e-01
4.104628174701134835e-01
4.369039088002353299e-01
4.867021989732744913e-01
5.504451379365833397e-01
6.314913091215876850e-01
7.390331816310928836e-01
8.715371415668469179e-01
1.018663672935942177e+00
8.638444081221674509e-01
7.478396976636871862e-01
6.554863759876854434e-01
5.838199932317711394e-01
5.352930851187185368e-01
5.030678831829582531e-01
4.759302842409862677e-01
4.549167219442469268e-01
4.451540610452386915e-01
4.403117787645065562e-01
4.345363151992309714e-01
4.379550605755462289e-01
4.620045081073356208e-01
5.028585683282829066e-01
5.557252420406904037e-01
6.301167801796090373e-01
7.355390276858058130e-01
8.663956730234176895e-01
1.011349475882235449e+00
9.344232565949248670e-01
8.251170148331961052e-01
7.328652769186616567e-01
6.544395381722578620e-01
5.983642827157777955e-01
5.639564679992639107e-01
5.390942204295683382e-01
5.187992421299560952e-01
5.053291956694891951e-01
4.959100017720472486e-01
4.891476669711858349e-01
4.945988406188448483e-01
5.200088339436874652e-01
5.606683379716039806e-01
6.137690078239135261e-01
6.878555447859588945e-01
7.874620911719762972e-01
9.052716281404811216e-01
1.035792134617381510e+00
1.014740276692290166e+00
9.157052185167309233e-01
8.321077347280134706e-01
7.570426153195386476e-01
6.991656885740433758e-01
6.632939625839873177e-01
6.407820442031457731e-01
6.228264567055519230e-01
6.069060256048568469e-01
5.921451461845796960e-01
5.822822764641402138e-01
5.881731151009164105e-01
6.162752187025757333e-01
6.619866807500855987e-01
7.209825884791709605e-01
7.951991997086740316e-01
8.832643593938522830e-01
9.805080999920485763e-01
1.090370056178861624e+00
1.113636123333542560e+00
1.026902731728458695e+00
9.556502275571847616e-01
8.918738700238841854e-01
8.403345673221098711e-01
8.065063490567110360e-01
7.858116689563332535e-01
7.697117545769616154e-01
7.533409165345046343e-01
7.368390784390213000e-01
7.266176591562201192e-01
7.332489946417850568e-01
7.621725187378531885e-01
8.094774382793916701e-01
8.689670515644203341e-01
9.368082319828261451e-01
1.009177338612062158e+00
1.085699951331340785e+00
1.174690802957383040e+00
8.911216066359493038e-01
7.959753614535303168e-01
7.570891730416153820e-01
7.585600496984237218e-01
7.849593642314598441e-01
8.224462423135676659e-01
8.563356750612109991e-01
8.787037799262564786e-01
8.945369712972641718e-01
9.166115009502344702e-01
9.559359979301289556e-01
1.015611718272528163e+00
1.089904712794453889e+00
1.169320371581271445e+00
1.247494692702526997e+00
1.321916281929896186e+00
1.391017136185409120e+00
1.456609049274119272e+00
1.526103261916680331e+00
8.138821107714950820e-01
7.166161950279603676e-01
6.772410800709285361e-01
6.768336353705846076e-01
7.023698792677395275e-01
7.416846379030894720e-01
7.775700182266227500e-01
7.998025080246007334e-01
8.142865425933556445e-01
8.358309777061436741e-01
8.768494166604499096e-01
9.408813993623115213e-01
1.020412659062852168e+00
1.102692924973470934e+00
1.180711311031452215e+00
1.255006081309419930e+00
1.326526699540123477e+00
1.396798899904617919e+00
1.472554127543887148e+00
7.919113569470006553e-01
7.007729310895856045e-01
6.611173773382195140e-01
6.546646498361066158e-01
6.728269599623550867e-01
7.067117791830255236e-01
7.396723605969541815e-01
7.613839149221859337e-01
7.772980667874949123e-01
8.004562272839561565e-01
8.417703344616596084e-01
9.053064848167484691e-01
9.841035506396444976e-01
1.063850846235157466e+00
1.136434210714251769e+00
1.205070949537688119e+00
1.275008829866687954e+00
1.348725867545113921e+00
1.429962503784933059e+00
7.930542208963178297e-01
7.096193614176777853e-01
6.714039376497979994e-01
6.601883628850675478e-01
6.694007122818579347e-01
6.939082166166647969e-01
7.215785272362773561e-01
7.445367408254055519e-01
7.663943183288282057e-01
7.951345970709100541e-01
8.373303639079532346e-01
8.967019051979097100e-01
9.691171384145818024e-01
1.042362195400120539e+00
1.108027565854488472e+00
1.169534533414150479e+00
1.235021251233463513e+00
1.309348751540556632e+00
1.394446097665004602e+00
7.888971856985920184e-01
7.112430674800434005e-01
6.775560283655841509e-01
6.664901005961445524e-01
6.698209745212277966e-01
6.861541627130764986e-01
7.099848750461845714e-01
7.365309196007263637e-01
7.668615960769971096e-01
8.035993673050498831e-01
8.482061040362312010e-01
9.021906282493805662e-01
9.642195799395205658e-01
1.027703475582925963e+00
1.087039856084458078e+00
1.144270130795233875e+00
1.206381979247841407e+00
1.279381319528990701e+00
1.365615986818615069e+00
7.675241767957980965e-01
6.924421822532562665e-01
6.653470626924964382e-01
6.597443443231743032e-01
6.634800230464994453e-01
6.773988809179409820e-01
7.011050653248758202e-01
7.316890285027914942e-01
7.684254672126180630e-01
8.113107931594387701e-01
8.586170909250356864e-01
9.085338136200713510e-01
9.602361987621463868e-01
1.012979879510045533e+00
1.066705665145551762e+00
1.123197848504296603e+00
1.185663719584114206e+00
1.258192028389312878e+00
1.343842404002416613e+00
7.314121428336184394e-01
6.550698748894105972e-01
6.344876641796215466e-01
6.385129011200778582e-01
6.495461163480105160e-01
6.669555937729083617e-01
6.921115723428683530e-01
7.237106468808682802e-01
7.614091886050862179e-01
8.052093182978423691e-01
8.527304677124045718e-01
9.004101136653859250e-01
9.466003577199622043e-01
9.930075081031151107e-01
1.043608443155007670e+00
1.101434956395390907e+00
1.166998110277767342e+00
1.241239684738912441e+00
1.326761290833300411e+00
6.931310649013955327e-01
6.133262057679695900e-01
5.984160642511893169e-01
6.140485952277270343e-01
6.354952641189477447e-01
6.564734751213308073e-01
6.783752051526943383e-01
7.041718747048693050e-01
7.367467692845550697e-01
7.761663202350579382e-01
8.199500124091836373e-01
8.661459031887788207e-01
9.139671514601079849e-01
9.635972810529800370e-01
1.017457644440392217e+00
1.078714017703235939e+00
1.147919706277865437e+00
1.224781548454233260e+00
1.311148389005413417e+00
6.684417458039415560e-01
5.859867958337190430e-01
5.754679923964662880e-01
6.005853219692673939e-01
6.289454021624241165e-01
6.467082026428341290e-01
6.556510777734232409e-01
6.665083548586019369e-01
6.880355607140584695e-01
7.196027936188520435e-01
7.575259046694744480e-01
8.032363423661239565e-01
8.588698481172276633e-01
9.210739001153780414e-01
9.857982145840280541e-01
1.053703044224781227e+00
1.126863474327918002e+00
1.206337131792411643e+00
1.294124665214854142e+00
6.671695989440724617e-01
5.838262647589531618e-01
5.742815381720196566e-01
6.018597394688427471e-01
6.289709161597487608e-01
6.356512324708738504e-01
6.242134362826461391e-01
6.132480245120222051e-01
6.184043319967238439e-01
6.395525658825400583e-01
6.717215810204424375e-01
7.185404908821837466e-01
7.842996246089428691e-01
8.620780571726647246e-01
9.409545487073434078e-01
1.018171911702507204e+00
1.097058460524202861e+00
1.180647579141087977e+00
1.271556870820726992e+00
6.894568836672476664e-01
6.055129106425387597e-01
5.913796710629424247e-01
6.121762765660272443e-01
6.299618276638310199e-01
6.224305026613572434e-01
5.915799769399028296e-01
5.596472190189532014e-01
5.468565059030274789e-01
5.551986259386321176e-01
5.801396944203196515e-01
6.262375497048786599e-01
6.982172831986728223e-01
7.867916090555753250e-01
8.769448285000924770e-01
9.635618021480629736e-01
1.050304532933387769e+00
1.141110369364356947e+00
1.238640933197121319e+00
7.291856987516256439e-01
6.431947629286567381e-01
6.191386241191669804e-01
6.259920370153200242e-01
6.297251335069369294e-01
6.094195712257182151e-01
5.664767199587239510e-01
5.222240615868680713e-01
4.965354883585950674e-01
4.918304484585216407e-01
5.050593950163539958e-01
5.430859165867678584e-01
6.122697754551429394e-01
7.028082363807439670e-01
7.976689316700547039e-01
8.904022985953690128e-01
9.848066542311220140e-01
1.085066817399227057e+00
1.193075606353128704e+00
7.792978113538397977e-01
6.884348601303378334e-01
6.503707826988152085e-01
6.398887996582280913e-01
6.286737957970562896e-01
5.982634515359934735e-01
5.498170054475233215e-01
5.026492272606744027e-01
4.728517093947994798e-01
4.590867327592549341e-01
4.582733410860988510e-01
4.816701907758784706e-01
5.400934560078285429e-01
6.243308094800545938e-01
7.156968448210905276e-01
8.077783633019288700e-01
9.062972079558282434e-01
1.016224230377003934e+00
1.137661496657533355e+00
8.362196562883996709e-01
7.373807969224392966e-01
6.819409868632768656e-01
6.529540590402436173e-01
6.285252627126205471e-01
5.909186667275911908e-01
5.398240677257055697e-01
4.936044277574858086e-01
4.654784028587586331e-01
4.488758966930248562e-01
4.385159980295483262e-01
4.491588574208920104e-01
4.954633720319827628e-01
5.679059716978838157e-01
6.471187732601098030e-01
7.303032203124950605e-01
8.281897291679027884e-01
9.466076747700675753e-01
1.082175080041724247e+00
9.014256575448311715e-01
7.947310394550513024e-01
7.211428233337104921e-01
6.736818173279019994e-01
6.385269025982287516e-01
5.975173577816750292e-01
5.459247267500013656e-01
5.002998224098402780e-01
4.736779319089745588e-01
4.576979546467045967e-01
4.453413252518427790e-01
4.513481182328504815e-01
4.894059608763385860e-01
5.478881018587666851e-01
6.095446268271529355e-01
6.791785833362355973e-01
7.734111091571862495e-01
8.970843420822167680e-01
1.042420139323959383e+00
9.772362657614259707e-01
8.685990755118571105e-01
7.823040282927673505e-01
7.194123534027365707e-01
6.756290831048175072e-01
6.346521222026442199e-01
5.861747372372836384e-01
5.415019771398419390e-01
5.134726349220111175e-01
4.965855656251285666e-01
4.854050472426409968e-01
4.922858328230352853e-01
5.257969602558421052e-01
5.720108357320050629e-01
6.182585918701473116e-01
6.766212472611135009e-01
7.659255281550514383e-01
8.879137583145229051e-01
1.032776980824483104e+00
1.061858615594514221e+00
9.599212104940360035e-01
8.719821239115410627e-01
8.014915108994022930e-01
7.517578686534394095e-01
7.120696234773871147e-01
6.695204017016849196e-01
6.279224920203883009e-01
5.971033521832960211e-01
5.760717240471011635e-01
5.640516264179646910e-01
5.713823178665558000e-01
6.015451800237849866e-01
6.402907087325744317e-01
6.792424400090337766e-01
7.321746154679553698e-01
8.145486393388514657e-01
9.255989955276737735e-01
1.058511109455315236e+00
1.152380741599469349e+00
1.062921637233323224e+00
9.838842135880261353e-01
9.161369325856494328e-01
8.653088064783704958e-01
8.270686701396989804e-01
7.905151899516711378e-01
7.536675552246692167e-01
7.215366727449716855e-01
6.962699813309576324e-01
6.818399434753046329e-01
6.874751593630756830e-01
7.141167346303414210e-01
7.496988568872440251e-01
7.879958432623381803e-01
8.384875643696376724e-01
9.105596147298267162e-01
1.003889221611693028e+00
1.117836014051779792e+00
1.250160682862762718e+00
1.174559005212564733e+00
1.108982895977608019e+00
1.051483582384598492e+00
1.005522171965024913e+00
9.702054979942786872e-01
9.387721618248341393e-01
9.073430513320159818e-01
8.772818400646351655e-01
8.518430836703390074e-01
8.371261405839596215e-01
8.407606313736522008e-01
8.630983108165861672e-01
8.957805778018852472e-01
9.335382678522567979e-01
9.799741963626757979e-01
1.039618523058391419e+00
1.114276654381568310e+00
1.207556079815633510e+00
8.034362097217775389e-01
6.844215123389754130e-01
6.349554897796287900e-01
6.384627998875975763e-01
6.734113311709388761e-01
7.198742842197396463e-01
7.606792800454376113e-01
7.882525660404977597e-01
8.089274071440553104e-01
8.373661500667870516e-01
8.865760294912448103e-01
9.603936669173240848e-01
1.051634553612345702e+00
1.148013317940295597e+00
1.241258101640259515e+00
1.329384106962612000e+00
1.412248690393840933e+00
1.490481629582609546e+00
1.567671645533022851e+00
7.060270796907823776e-01
5.824564080456668957e-01
5.352425069803761204e-01
5.422232287217187974e-01
5.808609205002808196e-01
6.313874799283309969e-01
6.745612584166853498e-01
7.012656765662494962e-01
7.190931420926169881e-01
7.453013384506439465e-01
7.953496121725884827e-01
8.743617616669960846e-01
9.734035532358846776e-01
1.076155810265455592e+00
1.172566787743962058e+00
1.262905419233797177e+00
1.349488591663091874e+00
1.432931431109814469e+00
1.516260608240967755e+00
6.770090998239428615e-01
5.624986279582477877e-01
5.201378203674753564e-01
5.256231347729440895e-01
5.594648521924776574e-01
6.058466307782326421e-01
6.471044168127786378e-01
6.740338168307919986e-01
6.931762767777824852e-01
7.198193168497994954e-01
7.683451583664124840e-01
8.449901146773131089e-01
9.418585333572595530e-01
1.041512528991406228e+00
1.132878905274642412e+00
1.218089023060861198e+00
1.302526659796434894e+00
1.387629789549371662e+00
1.474802676425181147e+00
6.812565700380215361e-01
5.790463599405666351e-01
5.418195564475982717e-01
5.439168211310629886e-01
5.690311973408188617e-01
6.070968244766596911e-01
6.455116913604699302e-01
6.765999148346677483e-01
7.038527412944981521e-01
7.366996137608290418e-01
7.849218847545400557e-01
8.545760023338255795e-01
9.411189503561598890e-01
1.030278076146280863e+00
1.111980486632124121e+00
1.188749114046225852e+00
1.267498098696896447e+00
1.351129087928523376e+00
1.440302565780371191e+00
6.838352768895070710e-01
5.901098586548800817e-01
5.580314055273534191e-01
5.591989850335472578e-01
5.777603982870884725e-01
6.088769237602240647e-01
6.463879511330452576e-01
6.847764070124542357e-01
7.239801321452912219e-01
7.669564501565422354e-01
8.176175071174731634e-01
8.798503400282295939e-01
9.523887048426853408e-01
1.027286437601855340e+00
1.098453429875464016e+00
1.168048573890146491e+00
1.241651402892808509e+00
1.322578078146845915e+00
1.412011017393365542e+00
6.684491185052570117e-01
5.774757037279840688e-01
5.508633088580046078e-01
5.561853499477740215e-01
5.748799494382488273e-01
6.046823296851959739e-01
6.443236958040030604e-01
6.899383368582079346e-01
7.390106266649023592e-01
7.905008639619555133e-01
8.440920923024055611e-01
9.005983866620639322e-01
9.601424754940555140e-01
1.021077096666915818e+00
1.083058775857386191e+00
1.148603525473262943e+00
1.220324738588948854e+00
1.299992605878140139e+00
1.389250153061518223e+00
6.378624090213391717e-01
5.449092347712729545e-01
5.238496138196226948e-01
5.384223452384562236e-01
5.648432513139234334e-01
5.993434903066738872e-01
6.424744273999032362e-01
6.917608448547314381e-01
7.442637321419471874e-01
7.978468713727651096e-01
8.508161307059090017e-01
9.024905382526293707e-01
9.533237048691902693e-01
1.005119257337969474e+00
1.061552056359855056e+00
1.126014948060604315e+00
1.198897912590756398e+00
1.279791568519216272e+00
1.369921775335021241e+00
6.075446849550696360e-01
5.111511456964703548e-01
4.957887623659054110e-01
5.225857086559155817e-01
5.609766832125342439e-01
6.018116688601449216e-01
6.451068201680010272e-01
6.910429839865037671e-01
7.388160750108845320e-01
7.867936333441527541e-01
8.337912930920208243e-01
8.805297895372066197e-01
9.285895364584124678e-01
9.796746077218454474e-01
1.036803922733124050e+00
1.102947163028771715e+00
1.178039133285774254e+00
1.260933931758206894e+00
1.352400583313239313e+00
5.956402804650853255e-01
4.978926419736342535e-01
4.879336393551090278e-01
5.259425774666874887e-01
5.747753236723012193e-01
6.178877701436211733e-01
6.535861454522258196e-01
6.865484466066480440e-01
7.210005026416483886e-01
7.571970754831456318e-01
7.950758033674141245e-01
8.380711547851682486e-01
8.893168560887088070e-01
9.477792499315489394e-01
1.011730917195254653e+00
1.081878946500352878e+00
1.158928138967863619e+00
1.242922968104202663e+00
1.335049845682213743e+00
6.127453799841857673e-01
5.165059731351198113e-01
5.093529557059095492e-01
5.527336353770828659e-01
6.056430086199182661e-01
6.446960972616930796e-01
6.654728067361976862e-01
6.771512571262250368e-01
6.909967896649298336e-01
7.114370346971670145e-01
7.400793759176318432e-01
7.818243627711178867e-01
8.396230091378407145e-01
9.084360822330763696e-01
9.811665467014241138e-01
1.056212028803126923e+00
1.135448014468482203e+00
1.220662425060899503e+00
1.313850977517557750e+00
6.586048820828418471e-01
5.650742270821420554e-01
5.556697733717590459e-01
5.955486859785628084e-01
6.442569603806975742e-01
6.743532375761192021e-01
6.779540162717723195e-01
6.663320516120778692e-01
6.570151432215889375e-01
6.599459495595341174e-01
6.791920555253381231e-01
7.196740114530177923e-01
7.822707273204025924e-01
8.581372450235504878e-01
9.368244344607767893e-01
1.015937224702075037e+00
1.098404808686694878e+00
1.186911175534375307e+00
1.283712708840760719e+00
7.257435288543749863e-01
6.343996028040046475e-01
6.174310980425765649e-01
6.454340528798043763e-01
6.823837195482274076e-01
7.004068408275783142e-01
6.889675413206006738e-01
6.589982205615709798e-01
6.307413352682758045e-01
6.174830681313245861e-01
6.255054807385929116e-01
6.603708413355402485e-01
7.217057903829715571e-01
7.981766845599578275e-01
8.777628668172674509e-01
9.585316052411030352e-01
1.044462226672683514e+00
1.138366673095106307e+00
1.242045221469833649e+00
8.042270347996205437e-01
7.130831329156224196e-01
6.842674064023568370e-01
6.948209754382570491e-01
7.150335885361889243e-01
7.189580491327076661e-01
6.953196375696633069e-01
6.543785554289578421e-01
6.155728053633291452e-01
5.909745175531557759e-01
5.871537534704427408e-01
6.118995160507987308e-01
6.660408688081966844e-01
7.369125806757002017e-01
8.114648304189020500e-01
8.893583779649438803e-01
9.768071946347036683e-01
1.076951802044337381e+00
1.190395036294028763e+00
8.859307976864532197e-01
7.919709989052956534e-01
7.480966999921716543e-01
7.388534265876334217e-01
7.413444270882825204e-01
7.316537493419239535e-01
6.984251864775694596e-01
6.519516643199643191e-01
6.098088790953299920e-01
5.800892647578455019e-01
5.676387738489188095e-01
5.824526493032526897e-01
6.270369823953199084e-01
6.873548271429805734e-01
7.500916069392018493e-01
8.188801349192318391e-01
9.044478652963348075e-01
1.010629300517160267e+00
1.135654604926897182e+00
9.681260165775156246e-01
8.701116454984019200e-01
8.109687395564271206e-01
7.832458202860623775e-01
7.710931616364062879e-01
7.519950034092670599e-01
7.132697885110956815e-01
6.645494605249386844e-01
6.221121658880726102e-01
5.911395081739370116e-01
5.747249124374438356e-01
5.832588700419683025e-01
6.186613301981926938e-01
6.650234023477974432e-01
7.106394066496228845e-01
7.655746106049121646e-01
8.460709526244571954e-01
9.561510621377495855e-01
1.091016718644808758e+00
1.052760172119160620e+00
9.542193585959128921e-01
8.853248094227859077e-01
8.446563729549976252e-01
8.229703712804310456e-01
7.999236253186008394e-01
7.608564905543635515e-01
7.126445232788114481e-01
6.700735282262046955e-01
6.380961195034411393e-01
6.198594740061755815e-01
6.245577975062759357e-01
6.514319143647577803e-01
6.833658219075733342e-01
7.119315128614902566e-01
7.529657357613082080e-01
8.259319272984777527e-01
9.343004704867272636e-01
1.071867019965398349e+00
1.142072580588244790e+00
1.049786195125638422e+00
9.808182820726321083e-01
9.354126594278482365e-01
9.087852792788897460e-01
8.847239117372680539e-01
8.485457073691171637e-01
8.032263957965850576e-01
7.606973556067142539e-01
7.269484832583021916e-01
7.067092678387978388e-01
7.076309034743608617e-01
7.265556293844777080e-01
7.472800711225684456e-01
7.646017143631478330e-01
7.957229119954625229e-01
8.591055909743845476e-01
9.580986362374699361e-01
1.088521808284368397e+00
1.237057694453850942e+00
1.156415709132943448e+00
1.095316946471217134e+00
1.052209069252628471e+00
1.023780209763353266e+00
9.989596226433663517e-01
9.660670648433473673e-01
9.251634695556654187e-01
8.843895616363859347e-01
8.501774559459782665e-01
8.286376535656740927e-01
8.259624209245042259e-01
8.383817813840217514e-01
8.528956057676362335e-01
8.662140485620994923e-01
8.920408091983049736e-01
9.448079281511287952e-01
1.028897474886921959e+00
1.144219153733092131e+00
1.338478613920282667e+00
1.271200832282652904e+00
1.220171770294241842e+00
1.182289152935027898e+00
1.154172840404104283e+00
1.128992209092686938e+00
1.099294174663963286e+00
1.064003757106216197e+00
1.027879031268892129e+00
9.966757625894677730e-01
9.764560169979799031e-01
9.717788026634681664e-01
9.797261476277765446e-01
9.917150270389316624e-01
1.005408021553499953e+00
1.029050178543592153e+00
1.072405002735078439e+00
1.140761242790986785e+00
1.236591496737082796e+00
8.299088803382079771e-01
7.010899625576052507e-01
6.433461233161821280e-01
6.440438943367654545e-01
6.800183865837374775e-01
7.283630158444842628e-01
7.719003932436998561e-01
8.041383719539878516e-01
8.306722100367980310e-01
8.642523788365501503e-01
9.167496249772799644e-01
9.924266644071089161e-01
1.085685030212496072e+00
1.185319129989948150e+00
1.282155072497950021e+00
1.372760601473078879e+00
1.457476974062826391e+00
1.538114278234144816e+00
1.617116929922966628e+00
7.206938857012670230e-01
5.823600146799807753e-01
5.260532766850893882e-01
5.337352716661574181e-01
5.780878494405068402e-01
6.337929273310476397e-01
6.816314274476069635e-01
7.143382014915906630e-01
7.388387159159033324e-01
7.704395271507631371e-01
8.236187022169914052e-01
9.040652158588811105e-01
1.005035851921518564e+00
1.112252632618422998e+00
1.214597261084629842e+00
1.309359286446465376e+00
1.398427374132011236e+00
1.484246320130292229e+00
1.569413981319114137e+00
6.809260601506850197e-01
5.490919079065368358e-01
4.989858116447818404e-01
5.096492568160715386e-01
5.542471326202149662e-01
6.095745659112539183e-01
6.575865931716489143e-01
6.909763047638273203e-01
7.159506668475572599e-01
7.468335583374532405e-01
7.978074718273173715e-01
8.753853020771660276e-01
9.735464585840065688e-01
1.077733517029677346e+00
1.176694012725977068e+00
1.268808772130132212e+00
1.357237827975380506e+00
1.444495366930987901e+00
1.532379721888474933e+00
6.825603972225280369e-01
5.637106812913892373e-01
5.208853111249260870e-01
5.313891763081910469e-01
5.710424975725119090e-01
6.215038972759112657e-01
6.685113434161638057e-01
7.054587447109699205e-01
7.360937432147236503e-01
7.706375720958948961e-01
8.200099447443411904e-01
8.902362919687463183e-01
9.774523732871158721e-01
1.070092998667864670e+00
1.159139085197125274e+00
1.244096213206520973e+00
1.328443661709914458e+00
1.414371866257482235e+00
1.502835666065421183e+00
6.921080922118765244e-01
5.840511963712042842e-01
5.474438103176095805e-01
5.578127719661041262e-01
5.927908167689228680e-01
6.388607861003343658e-01
6.863564412185736430e-01
7.297391953521221719e-01
7.697941190804855616e-01
8.116920567600849346e-01
8.617263744798338010e-01
9.240562130646792216e-01
9.970639178490312560e-01
1.074217807476776088e+00
1.150745557201961589e+00
1.227338100530059206e+00
1.306652404620937569e+00
1.390083816474473100e+00
1.478155365752262806e+00
6.901215902108877032e-01
5.870551293211259125e-01
5.553221954910161351e-01
5.683175580256665249e-01
6.031905774641348472e-01
6.490406666951189507e-01
6.996384830205388816e-01
7.502947427388297896e-01
7.994467781109078075e-01
8.484097134718435740e-01
8.996597144488676090e-01
9.551864772219371691e-01
1.014878337763731597e+00
1.077199552667586602e+00
1.142181375933754017e+00
1.211816860352209035e+00
1.287361460135925117e+00
1.368939830977815797e+00
1.456779335709244894e+00
6.755095423399986032e-01
5.722822395697229059e-01
5.444501004669628497e-01
5.634214060335667185e-01
6.037207511171136520e-01
6.540037429003897618e-01
7.092935705372369615e-01
7.653813822815349610e-01
8.195173247750910939e-01
8.711207833516394494e-01
9.209348627116007435e-01
9.700840037728104548e-01
1.019637010909224761e+00
1.071397538930496829e+00
1.128659663548637893e+00
1.194258330266629198e+00
1.268222824045636798e+00
1.349447318333435897e+00
1.437793747439179981e+00
6.602901120726203388e-01
5.549997525489631656e-01
5.308031552977066081e-01
5.578227104075457188e-01
6.067813557859114137e-01
6.632454539921579517e-01
7.215427843499913063e-01
7.781416734627737419e-01
8.307056911130219490e-01
8.785811014827915599e-01
9.227821205139536964e-01
9.654957056726609643e-01
1.009227574654516735e+00
1.056853122605227568e+00
1.111916959607167854e+00
1.176760071509728167e+00
1.250681416454536343e+00
1.332138094547823615e+00
1.420962486821253368e+00
6.599603709023311726e-01
5.541543293299713291e-01
5.336888183992007928e-01
5.684542644241670217e-01
6.254897234581882071e-01
6.858002222556875971e-01
7.417522966536522766e-01
7.912046389839817451e-01
8.343729205621435163e-01
8.724879438027910439e-01
9.081607150880326440e-01
9.454787357445848528e-01
9.880155841054687471e-01
1.037569009783258389e+00
1.095250195024414674e+00
1.161647536554464510e+00
1.235829885709496256e+00
1.316862341158640426e+00
1.405261407152158304e+00
6.846297145607962431e-01
5.811717236265925290e-01
5.635528510304153027e-01
6.028404855214481994e-01
6.639253803264730802e-01
7.232301012958253228e-01
7.703251668002393249e-01
8.047669540743411787e-01
8.312858450789364362e-01
8.551672378678492059e-01
8.814459390140978456e-01
9.153521948783773787e-01
9.599221051536714899e-01
1.014317013583993177e+00
1.076353017701424220e+00
1.144861902376323792e+00
1.219168313286739025e+00
1.299459463105776758e+00
1.387297511514255177e+00
7.357866331235927149e-01
6.367296714126018387e-01
6.193447964818159512e-01
6.574469809880412186e-01
7.163756539854928551e-01
7.694190022324161049e-01
8.030911481531335383e-01
8.180370222194421892e-01
8.239341053024800132e-01
8.312791811490107818e-01
8.479107746695113690e-01
8.790984716309540037e-01
9.257550079368486173e-01
9.838551049012045358e-01
1.048716947611770367e+00
1.118506523217148718e+00
1.193188128607236109e+00
1.273819972114753174e+00
1.362693586850937333e+00
8.081902738924067187e-01
7.141654189944330877e-01
6.934075052206394307e-01
7.237083241597175309e-01
7.735756896826035955e-01
8.156202320217886825e-01
8.341374208635126131e-01
8.300062964523107212e-01
8.163098965911574911e-01
8.076083012922481430e-01
8.140756495607033294e-01
8.408377850859747316e-01
8.866134528015774396e-01
9.446567012243956007e-01
1.008993997105212648e+00
1.078351793352906096e+00
1.153676212654770605e+00
1.236396527689446412e+00
1.328892158786315392e+00
8.930075555655112574e-01
8.032288068306048245e-01
7.756095475650091053e-01
7.925999188147567764e-01
8.277514924114763861e-01
8.553143135275707021e-01
8.589893927117118189e-01
8.396287132147459698e-01
8.113793019631136971e-01
7.899821469521497441e-01
7.865436521848692131e-01
8.065087421908014864e-01
8.474876380918823227e-01
9.008628730914032268e-01
9.603005393592853878e-01
1.026283939549322177e+00
1.101520635131645109e+00
1.187665318456111896e+00
1.286466643463274551e+00
9.811408383342583583e-01
8.937568865493106252e-01
8.569876060583665467e-01
8.581788178460549865e-01
8.765146595276758212e-01
8.889742281147425818e-01
8.798658097668550226e-01
8.501785241109578450e-01
8.134726631986120005e-01
7.841378088761126186e-01
7.726669432952060212e-01
7.848943477066796515e-01
8.180313329429433900e-01
8.621920820355188919e-01
9.115788054078348690e-01
9.699085562117637505e-01
1.042947854499324034e+00
1.132837179366819491e+00
1.239977274052949552e+00
1.066954969159128463e+00
9.806559184278937913e-01
9.352603575301650096e-01
9.224964940236730637e-01
9.264909970253680793e-01
9.268537216188617034e-01
9.087726525221453411e-01
8.733043899497259233e-01
8.327822081058835479e-01
7.993980457779052973e-01
7.823039227981585242e-01
7.871995169602623577e-01
8.107442250795386940e-01
8.422233209568734669e-01
8.773072693655008525e-01
9.239717472026105494e-01
9.918284025272292581e-01
1.083889377995999492e+00
1.199066973879528986e+00
1.150136354621893453e+00
1.065974450032259213e+00
1.016130198163399001e+00
9.949800735560001552e-01
9.899068766666121455e-01
9.828492543572238116e-01
9.600833517064211176e-01
9.224437307407442610e-01
8.807843480355139754e-01
8.454377072428578277e-01
8.243641719077423602e-01
8.226210849915605028e-01
8.361701394004019683e-01
8.542191149776003911e-01
8.743133875172599545e-01
9.078979457665448116e-01
9.676195304657917440e-01
1.057787173288568194e+00
1.176908646971965844e+00
1.234303575475099501e+00
1.155466195559586629e+00
1.106988789720457778e+00
1.083603313757374842e+00
1.074111464548920036e+00
1.062978073335752338e+00
1.038458367383565673e+00
1.001140157878113390e+00
9.601061491788551727e-01
9.242046234200453902e-01
9.005005365101765857e-01
8.932224231732135422e-01
8.981249921966369953e-01
9.054634488682073989e-01
9.142184629926581874e-01
9.367061634461335551e-01
9.864865360203871614e-01
1.069513731602241169e+00
1.185615911494037000e+00
1.324216200958824974e+00
1.254135230850592642e+00
1.210861534576644472e+00
1.188457038445095648e+00
1.176489996138247118e+00
1.162493898602257492e+00
1.137652703369736562e+00
1.102479295108660828e+00
1.064021504209899494e+00
1.029646085805284050e+00
1.005472059904838122e+00
9.948259569884700948e-01
9.940331039887939646e-01
9.954530535269878744e-01
9.987408745498240759e-01
1.014367408913036783e+00
1.054594651275801764e+00
1.126648496125405963e+00
1.232333728620595537e+00
1.422360465404747698e+00
1.363247288569849447e+00
1.325493650352999708e+00
1.303677180350138798e+00
1.289139503117445074e+00
1.272845726499535424e+00
1.248922624308681506e+00
1.217706584509787859e+00
1.184111377307108137e+00
1.153881187245306972e+00
1.131933493406908520e+00
1.120651878674667756e+00
1.117460618283121931e+00
1.117379650962676996e+00
1.120359534295209958e+00
1.133735502944951845e+00
1.167000081820054547e+00
1.227100624798628026e+00
1.316458850924277391e+00
