5.00633675000000
3.87606375000000
2.70331275000000
2.20698375000000
2.27423350000000
3.12283200000000
4.61470000000000
7.70176025000000
14.1047255000000
21.4311212500000
2.06620675000000
1.51697865000000
1.01088262500000
0.835127825000000
0.891611225000000
1.54429965000000
2.94003625000000
4.49436625000000
5.50760825000000
5.52016350000000
0.00249373790000000
0.00755763700000000
0.0235443885000000
0.0496830250000000
0.0819868925000000
0.164870575000000
0.381790800000000
0.764659475000000
1.64572862500000
14.1092955000000
7.72551800000000
12.1890682500000
2.68677275000000
3.21732100000000
4.64754525000000
4.23145375000000
5.69814500000000
12.9474410000000
20.4904040000000
55.0076525000000
32.3871025000000
5.49833875000000
4.86621975000000
2.48086510000000
1.55885582500000
1.69436690000000
3.18483975000000
4.50769950000000
6.75937675000000
9.25865250000000
8.66512075000000
4.09459825000000
1.73535180000000
0.903099800000000
0.488730100000000
0.461908200000000
0.701444350000000
1.11553047500000
1.83245702500000
21.5407670000000
13.2224957500000
7.79651350000000
7.21586700000000
5.42194875000000
4.66164450000000
5.34192350000000
7.40077700000000
9.54479775000000
12.3886890000000
46.1447725000000
18.9594877500000
7.34790050000000
4.04553750000000
2.79943850000000
2.38456072500000
2.33106302500000
2.70015325000000
3.36830250000000
4.21165800000000
30.9342630000000
14.8108690000000
6.70046175000000
2.65649750000000
1.76722167500000
1.42018475000000
1.53631997500000
2.11562667500000
3.65213850000000
5.22964250000000
20.1051425000000
15.4359445000000
9.31360950000000
5.74320850000000
4.50247425000000
4.80471850000000
5.57688300000000
6.54270375000000
12.3832407500000
18.1606260000000
12.0775955000000
7.98352300000000
3.72317225000000
2.35797165000000
2.32591080000000
3.27524650000000
5.20597900000000
7.87299475000000
9.70584975000000
10.1216200000000
8.88012425000000
4.60025025000000
2.05324127500000
1.25909832500000
0.750032500000000
0.617846225000000
0.662956225000000
1.09233262500000
1.87917472500000
3.25669775000000
17.4955072500000
10.3032050000000
2.49671275000000
2.72028850000000
2.10928060000000
2.12202925000000
2.28951077500000
3.13595325000000
6.19764375000000
9.74099350000000
41.2550375000000
22.3046015000000
7.92100400000000
1.59769552500000
0.996718325000000
0.556569675000000
0.658325975000000
1.37287195000000
2.13005622500000
2.63296650000000
5.77413250000000
1.35617860000000
0.344333925000000
0.0495198025000000
0.0161093987500000
0.00726869525000000
0.0464298425000000
0.107363610000000
0.345106375000000
11.7930312500000
6.97181675000000
5.62729050000000
3.13835525000000
2.22531800000000
2.42300230000000
2.68222050000000
4.06861900000000
5.81663625000000
6.29668450000000
23.0303075000000
11.8297205000000
3.80274100000000
1.86175865000000
1.17337115000000
0.966153525000000
0.958258975000000
1.22781767500000
1.85888837500000
2.21246865000000
17.7115832500000
7.98403050000000
3.41509900000000
1.06780187500000
0.640210900000000
0.498640125000000
0.560961425000000
0.847653650000000
1.70929192500000
2.77064825000000
21.9859787500000
16.8790617500000
5.95268175000000
4.14919575000000
3.76581800000000
4.30239650000000
5.68194800000000
7.20914875000000
12.5202797500000
18.6713207500000
16.5360260000000
11.4124205000000
6.11090650000000
3.88779825000000
3.65238575000000
4.70499100000000
6.49914550000000
9.34077725000000
11.5591032500000
13.9236810000000
15.8730950000000
8.07579100000000
3.80529825000000
2.42446575000000
1.66147667500000
1.49625395000000
1.60487282500000
2.25010177500000
3.41646175000000
5.35034875000000
14.1937347500000
8.22413325000000
4.32008250000000
2.74110550000000
2.48729300000000
2.02131585000000
2.57912275000000
3.69959150000000
6.40958100000000
9.86624850000000
49.6159300000000
26.3677325000000
9.91329650000000
2.60250450000000
1.56654005000000
0.933327250000000
1.04764342500000
1.99672705000000
2.73040600000000
3.32765375000000
22.3962305000000
11.4351152500000
3.99443875000000
1.45245322500000
0.753018500000000
0.385260400000000
0.356475500000000
0.552188050000000
0.836857575000000
1.42703397500000
11.3482552500000
7.63466675000000
3.62360125000000
2.48780920000000
1.97797352500000
2.17750195000000
2.64626900000000
3.44829900000000
5.36553325000000
5.93424175000000
14.2203385000000
8.04166950000000
2.52676500000000
1.20903060000000
0.718183650000000
0.590786625000000
0.619095650000000
0.886707275000000
1.25730405000000
1.54953640000000
2.56320325000000
0.760543800000000
0.186020117500000
0.0174509840000000
0.00302071650000000
0.0115678535000000
0.0499906900000000
0.182652962500000
0.678783350000000
4.27517875000000
7.72729275000000
5.32455475000000
2.14408725000000
2.30579725000000
2.72504750000000
3.34387475000000
5.09125650000000
8.57866750000000
13.9744747500000
24.9937320000000
15.5255965000000
11.3645197500000
2.96425450000000
2.87211050000000
3.76740500000000
6.28019800000000
9.03250025000000
13.5806757500000
12.8976412500000
28.9530075000000
14.8833095000000
7.02774425000000
5.01654825000000
3.54892650000000
3.03113675000000
3.17265450000000
4.36130125000000
5.97028675000000
9.01630950000000
3.26860900000000
2.03784875000000
1.91300472500000
1.46523452500000
1.38452852500000
1.07665770000000
1.43662162500000
1.86973070000000
4.20330750000000
6.80929200000000
56.5469575000000
20.2203060000000
10.9938320000000
3.26220125000000
0.577615075000000
0.659648250000000
0.647150150000000
1.37835740000000
2.28958830000000
2.42602400000000
45.0857675000000
21.2299365000000
10.4237682500000
4.06822475000000
2.09069132500000
1.01435007500000
0.898311575000000
1.33239520000000
1.72925975000000
2.11394112500000
5.25359825000000
2.48625225000000
1.24831627500000
0.662858775000000
0.587361600000000
0.576414350000000
0.748786100000000
1.16036952500000
2.18229740000000
2.84938925000000
2.65111225000000
0.684799725000000
0.117990585000000
0.0255421175000000
0.00369436600000000
0.0101134705000000
0.0344306550000000
0.101687697500000
0.274136200000000
21.0614740000000
11.6944877500000
4.44531750000000
1.30448217500000
0.723032400000000
0.658122975000000
0.925653800000000
1.48676960000000
2.22581100000000
2.95346100000000
2.93943825000000
3.36092475000000
2.68257775000000
2.05065655000000
2.14250347500000
2.77329000000000
3.14670975000000
3.58716475000000
7.54486850000000
12.9863022500000
25.0833275000000
19.0433495000000
2.53745650000000
7.14838300000000
1.86204475000000
5.14165525000000
6.38379725000000
8.66571150000000
14.2351955000000
16.0353807500000
35.1685760000000
25.4462425000000
13.6640062500000
8.59488800000000
6.52148400000000
5.61340950000000
5.51795875000000
6.85190150000000
9.32806650000000
13.2701712500000
1.10497802500000
0.929714450000000
0.851879350000000
0.673298750000000
0.735981575000000
0.692106575000000
0.821611000000000
1.15509055000000
3.08068175000000
5.39687775000000
37.5485550000000
26.3659800000000
13.9897000000000
5.42995225000000
2.49763780000000
0.787687250000000
1.02959502500000
1.77217950000000
3.74141225000000
5.04110700000000
45.3777780000000
48.0629575000000
20.8310082500000
5.48994050000000
3.64368925000000
2.55776200000000
2.19337330000000
2.88675075000000
3.43430150000000
4.80257950000000
0.00145693887500000
0.00470657850000000
0.0127858240000000
0.0295652250000000
0.0606001100000000
0.122962437500000
0.288740675000000
0.673453100000000
1.45020897500000
5.97630475000000
2.93734575000000
1.42712025000000
0.785814350000000
0.577172675000000
0.510168425000000
0.502349700000000
0.587143975000000
0.904351275000000
1.48944995000000
36.1420975000000
20.3406380000000
8.29911025000000
3.02541500000000
2.09897022500000
1.91221697500000
2.23287645000000
3.02761925000000
4.33825950000000
5.49303575000000
0.808799725000000
0.737140475000000
0.550799675000000
0.477346275000000
0.590198625000000
0.832393100000000
1.25539562500000
1.73467912500000
3.58359150000000
7.70523475000000
7.06967600000000
3.76613525000000
1.91193950000000
1.93856817500000
1.26368022500000
1.79400650000000
2.93205675000000
5.87169425000000
8.91941700000000
11.1329342500000
21.6506092500000
10.3813727500000
10.0746465000000
8.13309250000000
6.52217425000000
4.15015075000000
6.44183825000000
6.45803775000000
11.1134617500000
16.0035057500000
0.00284199550000000
0.00728901325000000
0.0233978465000000
0.0649520275000000
0.110446230000000
0.199758797500000
0.446753500000000
1.44976322500000
3.78030925000000
10.9701562500000
10.3830980000000
8.03453350000000
5.52898750000000
0.00150000000000000
0.273967525000000
0.946541750000000
1.54048275000000
2.74402625000000
5.18323675000000
63.0668915000000
58.9417650000000
19.9225470000000
9.00744750000000
5.08929575000000
3.63617175000000
2.85314650000000
3.60658875000000
4.02012725000000
5.44625550000000
2.73677400000000
1.78293255000000
1.19781557500000
0.795911875000000
0.774210950000000
0.833809975000000
1.06077092500000
1.69125825000000
3.31320625000000
5.44177275000000
11.9318107500000
8.91934150000000
3.21634750000000
1.98883800000000
1.89706047500000
1.57342865000000
1.50684572500000
1.47412977500000
2.19217217500000
3.21260625000000
49.5961300000000
20.0519230000000
8.19846950000000
5.29506175000000
3.74101725000000
2.21026200000000
2.65413175000000
3.80941125000000
6.76425500000000
8.60866450000000
0.00281294125000000
0.00840567600000000
0.0315876750000000
0.0758173450000000
0.174985107500000
0.307038450000000
0.538968675000000
1.18484787500000
3.36696300000000
1.86078232500000
1.25394747500000
0.748752600000000
0.612433925000000
0.612661650000000
0.911238500000000
1.63038737500000
3.02231200000000
5.08013875000000
6.87452575000000
8.66275425000000
7.48695675000000
5.13413650000000
3.94859800000000
2.91333525000000
2.79165725000000
3.23015575000000
5.84295325000000
9.77402375000000
15.2558995000000
0.637835600000000
0.493767575000000
0.473687650000000
0.450296700000000
0.505646950000000
0.586472400000000
0.777653375000000
1.27398525000000
3.50879100000000
6.27365175000000
18.3549580000000
14.3961217500000
11.4158422500000
0.608447000000000
3.54323725000000
0.476920050000000
0.732014225000000
1.85369837500000
4.58449325000000
6.84297125000000
71.7253525000000
53.1724925000000
26.7177175000000
13.1168152500000
7.43676600000000
3.13788025000000
2.92651675000000
3.84397750000000
5.13776425000000
7.86999800000000
6.17054525000000
4.66708575000000
3.22765350000000
1.98928335000000
1.81296590000000
1.98932057500000
2.19387407500000
3.30147250000000
5.85615225000000
8.59715675000000
28.5319325000000
9.74232475000000
4.58223075000000
6.38336700000000
2.05056500000000
1.81048100000000
2.74039875000000
2.98510850000000
3.43070300000000
4.87056300000000
65.4847625000000
37.6554625000000
17.1942385000000
8.76344200000000
6.08063225000000
2.83537450000000
4.74723775000000
5.84645200000000
8.83451725000000
10.0669517500000
1.33914622500000
0.942072900000000
0.620445275000000
0.458693800000000
0.455831775000000
0.621291075000000
0.958499975000000
1.66117625000000
3.80543350000000
6.58343400000000
0.333862475000000
0.111841065000000
0.0242495247500000
0.00538165050000000
0.00812926475000000
0.0243877945000000
0.182969182500000
0.512453625000000
0.943386950000000
4.00776750000000
2.93599400000000
2.02475137500000
1.64145842500000
0.979503200000000
0.852100225000000
1.12900032500000
2.03116967500000
3.88127575000000
6.27973000000000
2.14373825000000
1.76123757500000
1.37332267500000
1.20081650000000
1.13090057500000
1.12161835000000
1.34755237500000
2.35062347500000
5.38083050000000
9.70720325000000
19.3602322500000
14.1223927500000
5.85235700000000
4.84698575000000
0.00150000000000000
0.956001325000000
0.768134300000000
1.19363362500000
2.45760450000000
3.75331225000000
29.8017900000000
23.1156670000000
10.8750837500000
5.15653875000000
2.95287150000000
1.58065130000000
1.50656580000000
2.28578275000000
3.07493575000000
4.25684675000000
9.67768400000000
9.61338875000000
4.22252150000000
4.36826150000000
2.23487475000000
3.14171200000000
3.41841550000000
4.21775400000000
7.04020925000000
9.77391550000000
59.7600850000000
19.8238345000000
8.96551825000000
12.0889382500000
2.35033575000000
1.62715975000000
2.99288950000000
2.15220025000000
4.26837200000000
5.72729300000000
67.7086600000000
29.0496260000000
13.1454877500000
6.53432075000000
4.59886775000000
3.70105350000000
3.75435100000000
4.67435450000000
7.95400925000000
9.62255700000000