0.000000
0.000000
0.000000
0.000000
0.000000
0.000000
0.000000
0.000000
0.000000
0.000000
0.000000
0.000000
0.000000
0.000000
0.000000
0.000000
0.000000
0.000000
0.000000
0.000000
0.000000
0.000000
0.000000
0.000000
0.000000
0.000000
0.000000
0.000000
0.000000
0.000000
0.000000
0.000000
0.000000
0.000000
0.000000
0.000000
0.000000
0.000000
0.000000
0.000000
0.000000
0.000000
0.000000
0.000000
0.000000
0.000000
0.000000
0.000000
0.000000
0.000000
0.000000
0.000000
0.000000
0.000000
0.000000
0.000000
0.000000
0.000000
0.000000
0.000000
0.000000
0.000000
0.000000
0.000000
0.000000
0.000000
0.000000
0.000000
0.000000
0.000000
0.000000
0.000000
0.000000
0.000000
0.000000
0.000000
0.000000
0.000000
0.000000
0.000000
0.000000
0.000000
0.000000
0.000000
0.000000
0.000000
0.000000
0.000000
0.000000
0.000000
0.000000
0.000000
0.000000
0.000000
0.000000
0.000000
0.000000
0.000000
0.000000
0.000000
0.000000
0.000000
0.000000
0.000000
0.000000
0.000000
0.000000
0.000000
0.000000
0.000000
0.000000
0.000000
0.000000
0.000000
0.000000
0.000000
0.000000
0.000000
0.000000
0.000000
0.000000
0.000000
0.000000
0.000000
0.000000
0.000000
0.000000
0.000000
0.000000
0.000000
0.000000
0.000000
0.000000
0.000000
0.000000
0.000000
0.000000
0.000000
0.000000
0.000000
0.000000
0.000000
0.000000
0.000000
0.000000
0.000000
0.000000
0.000000
0.000000
0.000000
0.000000
0.000000
0.000000
0.000000
0.000000
0.000977
0.001679
0.003305
0.006278
0.009526
0.010202
0.007634
0.004447
0.002429
0.001509
0.001208
0.001264
0.001585
0.002050
0.002364
0.002218
0.001675
0.001080
0.000654
0.000000
0.000000
0.000000
0.000000
0.000000
0.000000
0.000000
0.000000
0.000000
0.000000
0.000000
0.001236
0.002555
0.006240
0.014236
0.023583
0.024288
0.015450
0.007030
0.002969
0.001525
0.001131
0.001230
0.001712
0.002461
0.002968
0.002667
0.001789
0.000992
0.000527
0.000000
0.000000
0.000000
0.000000
0.000000
0.000000
0.000000
0.000000
0.000000
0.000000
0.000000
0.001666
0.004186
0.012510
0.033206
0.058071
0.057021
0.031298
0.011315
0.003744
0.001606
0.001109
0.001243
0.001885
0.002901
0.003476
0.002820
0.001595
0.000740
0.000348
0.000000
0.000000
0.000000
0.000000
0.000000
0.000000
0.000000
0.000000
0.000000
0.000000
0.000000
0.002118
0.006278
0.022054
0.065343
0.117909
0.113935
0.058382
0.018238
0.005080
0.001915
0.001257
0.001443
0.002298
0.003578
0.003972
0.002714
0.001225
0.000463
0.000194
0.000000
0.000000
0.000000
0.000000
0.000000
0.000000
0.000000
0.000000
0.000000
0.000000
0.000000
0.002212
0.007200
0.028084
0.090726
0.171902
0.174295
0.094019
0.029407
0.007864
0.002858
0.001863
0.002170
0.003461
0.005071
0.004828
0.002594
0.000888
0.000267
0.000100
0.000000
0.000000
0.000000
0.000000
0.000000
0.000000
0.000000
0.000000
0.000000
0.000000
0.000000
0.001740
0.005632
0.022885
0.081374
0.174238
0.201091
0.128115
0.047741
0.014538
0.005740
0.003918
0.004588
0.006943
0.008910
0.006798
0.002727
0.000687
0.000162
0.000054
0.000000
0.000000
0.000000
0.000000
0.000000
0.000000
0.000000
0.000000
0.000000
0.000000
0.000000
0.001045
0.003039
0.012007
0.047109
0.124604
0.181804
0.151020
0.077624
0.031634
0.015207
0.011378
0.013208
0.018024
0.019185
0.011329
0.003353
0.000624
0.000116
0.000034
0.000000
0.000000
0.000000
0.000000
0.000000
0.000000
0.000000
0.000000
0.000000
0.000000
0.000000
0.000546
0.001324
0.004780
0.019992
0.067408
0.136781
0.160387
0.121819
0.072514
0.045340
0.037827
0.042458
0.050324
0.043799
0.020451
0.004676
0.000680
0.000104
0.000027
0.000000
0.000000
0.000000
0.000000
0.000000
0.000000
0.000000
0.000000
0.000000
0.000000
0.000000
0.000305
0.000606
0.001927
0.008151
0.033336
0.094499
0.158932
0.172602
0.144390
0.114652
0.103627
0.108967
0.111395
0.082501
0.032979
0.006472
0.000824
0.000114
0.000027
0.000000
0.000000
0.000000
0.000000
0.000000
0.000000
0.000000
0.000000
0.000000
0.000000
0.000000
0.000226
0.000381
0.001063
0.004293
0.019122
0.067521
0.148785
0.205950
0.210892
0.190229
0.174203
0.168098
0.151942
0.101402
0.038078
0.007374
0.000961
0.000136
0.000033
0.000000
0.000000
0.000000
0.000000
0.000000
0.000000
0.000000
0.000000
0.000000
0.000000
0.000000
0.000253
0.000392
0.000972
0.003515
0.014807
0.053678
0.129186
0.195446
0.211017
0.190047
0.162870
0.140722
0.113717
0.070630
0.027008
0.005961
0.000939
0.000157
0.000042
0.000000
0.000000
0.000000
0.000000
0.000000
0.000000
0.000000
0.000000
0.000000
0.000000
0.000000
0.000422
0.000653
0.001468
0.004476
0.015422
0.046688
0.099418
0.138866
0.137215
0.109110
0.080379
0.060019
0.043887
0.026968
0.011676
0.003347
0.000731
0.000165
0.000053
0.000000
0.000000
0.000000
0.000000
0.000000
0.000000
0.000000
0.000000
0.000000
0.000000
0.000000
0.000898
0.001467
0.003021
0.007384
0.018641
0.040403
0.064271
0.070712
0.056098
0.036206
0.022336
0.014776
0.010426
0.006953
0.003749
0.001511
0.000490
0.000159
0.000066
0.000000
0.000000
0.000000
0.000000
0.000000
0.000000
0.000000
0.000000
0.000000
0.000000
0.000000
0.001912
0.003309
0.006209
0.011885
0.021058
0.030800
0.033933
0.027285
0.016849
0.009115
0.005079
0.003254
0.002402
0.001841
0.001269
0.000716
0.000339
0.000155
0.000083
0.000000
0.000000
0.000000
0.000000
0.000000
0.000000
0.000000
0.000000
0.000000
0.000000
0.000000
0.003230
0.005664
0.009521
0.014422
0.018498
0.018988
0.015092
0.009424
0.005002
0.002574
0.001472
0.001015
0.000837
0.000749
0.000636
0.000465
0.000293
0.000174
0.000113
0.000000
0.000000
0.000000
0.000000
0.000000
0.000000
0.000000
0.000000
0.000000
0.000000
0.000000
0.003790
0.006300
0.009346
0.011653
0.011757
0.009475
0.006211
0.003510
0.001881
0.001071
0.000714
0.000581
0.000557
0.000572
0.000557
0.000475
0.000350
0.000241
0.000172
0.000000
0.000000
0.000000
0.000000
0.000000
0.000000
0.000000
0.000000
0.000000
0.000000
0.000000
0.003123
0.004648
0.006069
0.006582
0.005801
0.004226
0.002681
0.001608
0.001002
0.000706
0.000593
0.000592
0.000663
0.000754
0.000787
0.000709
0.000551
0.000395
0.000286
0.000000
0.000000
0.000000
0.000000
0.000000
0.000000
0.000000
0.000000
0.000000
0.000000
0.000000
0.002060
0.002686
0.003138
0.003138
0.002658
0.001967
0.001358
0.000951
0.000733
0.000657
0.000692
0.000829
0.001045
0.001262
0.001345
0.001215
0.000944
0.000671
0.000476
0.000000
0.000000
0.000000
0.000000
0.000000
0.000000
0.000000
0.000000
0.000000
0.000000
0.000000
0.001298
0.001514
0.001635
0.001582
0.001369
0.001093
0.000856
0.000707
0.000654
0.000699
0.000854
0.001134
0.001513
0.001866
0.001997
0.001809
0.001416
0.001014
0.000713
0.000000
0.000000
0.000000
0.000000
0.000000
0.000000
0.000000
0.000000
0.000000
0.000000
0.000000
0.000000
0.000000
0.000000
0.000000
0.000000
0.000000
0.000000
0.000000
0.000000
0.000000
0.000000
0.000000
0.000000
0.000000
0.000000
0.000000
0.000000
0.000000
0.000000
0.000000
0.000000
0.000000
0.000000
0.000000
0.000000
0.000000
0.000000
0.000000
0.000000
0.000000
0.000000
0.000000
0.000000
0.000000
0.000000
0.000000
0.000000
0.000000
0.000000
0.000000
0.000000
0.000000
0.000000
0.000000
0.000000
0.000000
0.000000
0.000000
0.000000
0.000000
0.000000
0.000000
0.000000
0.000000
0.000000
0.000000
0.000000
0.000000
0.000000
0.000000
0.000000
0.000000
0.000000
0.000000
0.000000
0.000000
0.000000
0.000000
0.000000
0.000000
0.000000
0.000000
0.000000
0.000000
0.000000
0.000000
0.000000
0.000000
0.000000
0.000000
0.000000
0.000000
0.000000
0.000000
0.000000
0.000000
0.000000
0.000000
0.000000
0.000000
0.000000
0.000000
0.000000
0.000000
0.000000
0.000000
0.000000
0.000000
0.000000
0.000000
0.000000
0.000000
0.000000
0.000000
0.000000
0.000000
0.000000
0.000000
0.000000
0.000000
0.000000
0.000000
0.000000
0.000000
0.000000
0.000000
0.000000
0.000000
0.000000
0.000000
0.000000
0.000000
0.000000
0.000000
0.000000
0.000000
0.000000
0.000000
0.000000
0.000000
0.000000
0.000000
0.000000
0.000000
0.000000
0.000000
0.000000
0.000000
0.000000
0.000000
0.000000
0.000000
0.000000
0.000000
0.000000
0.000000
0.000000
0.000000
0.000000
0.000000
0.000000
0.000000
0.000000
0.000000
0.000000
0.000000
0.000000
0.000000
0.000000
0.000000
0.000000
0.000000
0.000000
0.000000
0.000000
0.000000
0.000000
0.000000
0.000000
0.000000
0.000000
0.000000
0.000000
0.000000
0.000000
0.000000
0.000000
0.000000
0.000000
0.000000
0.000000
0.000000
0.000000
0.000000
0.000000
0.000000
0.000000
0.000000
0.000000
0.000000
0.000000
0.000000
0.000000
0.000000
0.000000
0.000000
0.000000
0.000000
0.000000
0.000000
0.000000
0.000000
0.000000
0.000000
0.000000
0.000000
0.000000
0.000000
0.000000
0.000000
0.000000
0.000000
0.000000
0.000000
0.000000
0.000000
0.000000
0.000000
0.000000
0.000000
0.000000
0.000000
0.000000
0.000000
0.000000
0.000000
0.000000
0.000000
0.000000
0.000000
0.000000
0.000000
0.000000
0.000000
0.000000
0.000000
0.000000
0.000000
0.000000
0.000000
0.000000
0.000000
0.000000
0.000000
0.000000
0.000000
0.000000
0.000000
0.000000
0.000000
0.000000
0.000000
0.000000
0.000000
0.000000
0.000000
0.000000
0.000000
0.000000
0.000000
0.000000
0.000000
0.000000
0.000000
0.000000
0.000000
0.000000
0.000000
0.000000
0.000000
0.000000
0.000000
0.000000
0.000000
0.000000
0.000000
0.000000
0.000000
0.000000
0.000000
0.000000
0.000000
0.000000
0.000000
0.000000
0.000000
0.000000
0.000000
0.000000
0.000000
0.000000
0.000000
0.000000
0.000000
0.000000
0.000000
0.000000
0.000000
0.000000
0.000000
0.000000
0.000000
0.000000
0.000000
0.000000
0.000000
0.000000
0.000000
0.000000
0.000000
0.000000
0.000000
0.000000
0.000000
0.000000
0.000000
0.000000
0.000000
0.000000
0.000000
0.000000
0.000000
0.000000
0.000000
0.000000
0.000000
0.000000
0.000000
0.000000
0.000000
0.000526
0.000786
0.001445
0.002782
0.004635
0.005851
0.005464
0.004118
0.002919
0.002263
0.002091
0.002282
0.002688
0.003010
0.002881
0.002251
0.001473
0.000873
0.000517
0.000000
0.000000
0.000000
0.000000
0.000000
0.000000
0.000000
0.000000
0.000000
0.000000
0.000000
0.000587
0.001031
0.002355
0.005595
0.010650
0.013627
0.011462
0.007202
0.004224
0.002883
0.002593
0.003014
0.003925
0.004711
0.004433
0.003071
0.001652
0.000793
0.000398
0.000000
0.000000
0.000000
0.000000
0.000000
0.000000
0.000000
0.000000
0.000000
0.000000
0.000000
0.000747
0.001593
0.004533
0.013017
0.027405
0.034562
0.025747
0.013296
0.006348
0.003763
0.003269
0.004034
0.005774
0.007278
0.006464
0.003744
0.001558
0.000581
0.000247
0.000000
0.000000
0.000000
0.000000
0.000000
0.000000
0.000000
0.000000
0.000000
0.000000
0.000000
0.000952
0.002433
0.008369
0.028038
0.063504
0.079389
0.054848
0.024563
0.009937
0.005230
0.004403
0.005690
0.008687
0.010992
0.008700
0.003954
0.001204
0.000340
0.000124
0.000000
0.000000
0.000000
0.000000
0.000000
0.000000
0.000000
0.000000
0.000000
0.000000
0.000000
0.001035
0.002964
0.011589
0.043678
0.106512
0.138743
0.098751
0.043572
0.016625
0.008300
0.006906
0.009135
0.014113
0.016778
0.011076
0.003729
0.000799
0.000169
0.000054
0.000000
0.000000
0.000000
0.000000
0.000000
0.000000
0.000000
0.000000
0.000000
0.000000
0.000000
0.000858
0.002475
0.010137
0.042078
0.116536
0.172843
0.142505
0.072768
0.030576
0.016011
0.013591
0.017878
0.026163
0.027219
0.014184
0.003418
0.000510
0.000081
0.000023
0.000000
0.000000
0.000000
0.000000
0.000000
0.000000
0.000000
0.000000
0.000000
0.000000
0.000000
0.000542
0.001405
0.005520
0.024655
0.083295
0.158092
0.167882
0.113351
0.060921
0.037082
0.033066
0.041801
0.054423
0.047224
0.019104
0.003334
0.000359
0.000045
0.000011
0.000000
0.000000
0.000000
0.000000
0.000000
0.000000
0.000000
0.000000
0.000000
0.000000
0.000000
0.000299
0.000638
0.002234
0.010258
0.042885
0.113959
0.170184
0.161505
0.119150
0.089016
0.083784
0.098151
0.109646
0.079690
0.026150
0.003568
0.000304
0.000032
0.000008
0.000000
0.000000
0.000000
0.000000
0.000000
0.000000
0.000000
0.000000
0.000000
0.000000
0.000000
0.000180
0.000311
0.000930
0.004146
0.020145
0.073408
0.156271
0.202552
0.194839
0.171920
0.165197
0.175217
0.169788
0.108767
0.031771
0.003897
0.000307
0.000030
0.000007
0.000000
0.000000
0.000000
0.000000
0.000000
0.000000
0.000000
0.000000
0.000000
0.000000
0.000000
0.000150
0.000220
0.000563
0.002295
0.011491
0.049540
0.133821
0.212292
0.234349
0.219351
0.202924
0.193520
0.167041
0.098395
0.028334
0.003741
0.000330
0.000036
0.000008
0.000000
0.000000
0.000000
0.000000
0.000000
0.000000
0.000000
0.000000
0.000000
0.000000
0.000000
0.000198
0.000273
0.000616
0.002158
0.009539
0.038783
0.106033
0.173418
0.189995
0.166118
0.136020
0.112935
0.087365
0.049647
0.015961
0.002742
0.000331
0.000046
0.000012
0.000000
0.000000
0.000000
0.000000
0.000000
0.000000
0.000000
0.000000
0.000000
0.000000
0.000000
0.000406
0.000583
0.001201
0.003415
0.011405
0.034621
0.074244
0.100799
0.091558
0.064508
0.042653
0.030126
0.021921
0.013552
0.005688
0.001490
0.000287
0.000059
0.000019
0.000000
0.000000
0.000000
0.000000
0.000000
0.000000
0.000000
0.000000
0.000000
0.000000
0.000000
0.001052
0.001683
0.003238
0.007172
0.016192
0.031145
0.043190
0.039951
0.025720
0.013563
0.007303
0.004674
0.003523
0.002652
0.001606
0.000690
0.000226
0.000073
0.000031
0.000000
0.000000
0.000000
0.000000
0.000000
0.000000
0.000000
0.000000
0.000000
0.000000
0.000000
0.002552
0.004538
0.008144
0.013878
0.020599
0.024015
0.020186
0.011985
0.005480
0.002328
0.001140
0.000739
0.000629
0.000602
0.000525
0.000357
0.000189
0.000092
0.000051
0.000000
0.000000
0.000000
0.000000
0.000000
0.000000
0.000000
0.000000
0.000000
0.000000
0.000000
0.004401
0.008142
0.013341
0.017924
0.018555
0.014148
0.007866
0.003373
0.001279
0.000519
0.000271
0.000201
0.000205
0.000247
0.000285
0.000270
0.000201
0.000131
0.000088
0.000000
0.000000
0.000000
0.000000
0.000000
0.000000
0.000000
0.000000
0.000000
0.000000
0.000000
0.004693
0.008224
0.012026
0.013420
0.010874
0.006380
0.002866
0.001108
0.000434
0.000205
0.000133
0.000124
0.000156
0.000223
0.000303
0.000339
0.000298
0.000222
0.000161
0.000000
0.000000
0.000000
0.000000
0.000000
0.000000
0.000000
0.000000
0.000000
0.000000
0.000000
0.003250
0.004987
0.006433
0.006358
0.004616
0.002526
0.001144
0.000497
0.000243
0.000154
0.000135
0.000164
0.000245
0.000389
0.000554
0.000632
0.000566
0.000427
0.000305
0.000000
0.000000
0.000000
0.000000
0.000000
0.000000
0.000000
0.000000
0.000000
0.000000
0.000000
0.001787
0.002334
0.002688
0.002509
0.001834
0.001088
0.000581
0.000322
0.000213
0.000185
0.000216
0.000322
0.000539
0.000874
0.001203
0.001301
0.001109
0.000801
0.000545
0.000000
0.000000
0.000000
0.000000
0.000000
0.000000
0.000000
0.000000
0.000000
0.000000
0.000000
0.000998
0.001145
0.001220
0.001130
0.000889
0.000613
0.000406
0.000290
0.000249
0.000272
0.000376
0.000610
0.001033
0.001608
0.002078
0.002125
0.001750
0.001241
0.000831
0.000000
0.000000
0.000000
0.000000
0.000000
0.000000
0.000000
0.000000
0.000000
0.000000
0.000000
0.000000
0.000000
0.000000
0.000000
0.000000
0.000000
0.000000
0.000000
0.000000
0.000000
0.000000
0.000000
0.000000
0.000000
0.000000
0.000000
0.000000
0.000000
0.000000
0.000000
0.000000
0.000000
0.000000
0.000000
0.000000
0.000000
0.000000
0.000000
0.000000
0.000000
0.000000
0.000000
0.000000
0.000000
0.000000
0.000000
0.000000
0.000000
0.000000
0.000000
0.000000
0.000000
0.000000
0.000000
0.000000
0.000000
0.000000
0.000000
0.000000
0.000000
0.000000
0.000000
0.000000
0.000000
0.000000
0.000000
0.000000
0.000000
0.000000
0.000000
0.000000
0.000000
0.000000
0.000000
0.000000
0.000000
0.000000
0.000000
0.000000
0.000000
0.000000
0.000000
0.000000
0.000000
0.000000
0.000000
0.000000
0.000000
0.000000
0.000000
0.000000
0.000000
0.000000
0.000000
0.000000
0.000000
0.000000
0.000000
0.000000
0.000000
0.000000
0.000000
0.000000
0.000000
0.000000
0.000000
0.000000
0.000000
0.000000
0.000000
0.000000
0.000000
0.000000
0.000000
0.000000
0.000000
0.000000
0.000000
0.000000
0.000000
0.000000
0.000000
0.000000
0.000000
0.000000
0.000000
0.000000
0.000000
0.000000
0.000000
0.000000
0.000000
0.000000
0.000000
0.000000
0.000000
0.000000
0.000000
0.000000
0.000000
0.000000
0.000000
0.000000
0.000000
0.000000
0.000000
0.000000
0.000000
0.000000
0.000000
0.000000
0.000000
0.000000
0.000000
0.000000
0.000000
0.000000
0.000000
0.000000
0.000000
0.000000
0.000000
0.000000
0.000000
0.000000
0.000000
0.000000
0.000000
0.000000
0.000000
0.000000
0.000000
0.000000
0.000000
0.000000
0.000000
0.000000
0.000000
0.000000
0.000000
0.000000
0.000000
0.000000
0.000000
0.000000
0.000000
0.000000
0.000000
0.000000
0.000000
0.000000
0.000000
0.000000
0.000000
0.000000
0.000000
0.000000
0.000000
0.000000
0.000000
0.000000
0.000000
0.000000
0.000000
0.000000
0.000000
0.000000
0.000000
0.000000
0.000000
0.000000
0.000000
0.000000
0.000000
0.000000
0.000000
0.000000
0.000000
0.000000
0.000000
0.000000
0.000000
0.000000
0.000000
0.000000
0.000000
0.000000
0.000000
0.000000
0.000000
0.000000
0.000000
0.000000
0.000000
0.000000
0.000000
0.000000
0.000000
0.000000
0.000000
0.000000
0.000000
0.000000
0.000000
0.000000
0.000000
0.000000
0.000000
0.000000
0.000000
0.000000
0.000000
0.000000
0.000000
0.000000
0.000000
0.000000
0.000000
0.000000
0.000000
0.000000
0.000000
0.000000
0.000000
0.000000
0.000000
0.000000
0.000000
0.000000
0.000000
0.000000
0.000000
0.000000
0.000000
0.000000
0.000000
0.000000
0.000000
0.000000
0.000000
0.000000
0.000000
0.000000
0.000000
0.000000
0.000000
0.000000
0.000000
0.000000
0.000000
0.000000
0.000000
0.000000
0.000000
0.000000
0.000000
0.000000
0.000000
0.000000
0.000000
0.000000
0.000000
0.000000
0.000000
0.000000
0.000000
0.000000
0.000000
0.000000
0.000000
0.000000
0.000000
0.000000
0.000000
0.000000
0.000000
0.000000
0.000000
0.000000
0.000000
0.000000
0.000000
0.000000
0.000000
0.000000
0.000000
0.000000
0.000000
0.000000
0.000000
0.000000
0.000000
0.000000
0.000000
0.000000
0.000000
0.000000
0.000000
0.000000
0.000000
0.000434
0.000532
0.000765
0.001177
0.001742
0.002306
0.002698
0.002900
0.003031
0.003198
0.003400
0.003502
0.003314
0.002769
0.002031
0.001346
0.000849
0.000541
0.000365
0.000000
0.000000
0.000000
0.000000
0.000000
0.000000
0.000000
0.000000
0.000000
0.000000
0.000000
0.000439
0.000592
0.000987
0.001780
0.002988
0.004218
0.004943
0.005125
0.005170
0.005445
0.006030
0.006620
0.006561
0.005402
0.003576
0.001967
0.000984
0.000501
0.000286
0.000000
0.000000
0.000000
0.000000
0.000000
0.000000
0.000000
0.000000
0.000000
0.000000
0.000000
0.000503
0.000779
0.001536
0.003270
0.006188
0.009143
0.010392
0.009954
0.009256
0.009385
0.010674
0.012619
0.013409
0.011059
0.006538
0.002855
0.001058
0.000405
0.000190
0.000000
0.000000
0.000000
0.000000
0.000000
0.000000
0.000000
0.000000
0.000000
0.000000
0.000000
0.000593
0.001061
0.002460
0.006111
0.012931
0.019937
0.021954
0.019293
0.016258
0.015509
0.017755
0.022332
0.025298
0.020760
0.010746
0.003580
0.000938
0.000261
0.000101
0.000000
0.000000
0.000000
0.000000
0.000000
0.000000
0.000000
0.000000
0.000000
0.000000
0.000000
0.000639
0.001264
0.003298
0.009280
0.021896
0.036109
0.040299
0.034096
0.026868
0.024235
0.027405
0.035453
0.041205
0.032509
0.014291
0.003532
0.000644
0.000132
0.000044
0.000000
0.000000
0.000000
0.000000
0.000000
0.000000
0.000000
0.000000
0.000000
0.000000
0.000000
0.000575
0.001158
0.003164
0.009687
0.025677
0.047765
0.058695
0.052435
0.041633
0.036746
0.040559
0.051532
0.057987
0.041886
0.015166
0.002767
0.000359
0.000056
0.000017
0.000000
0.000000
0.000000
0.000000
0.000000
0.000000
0.000000
0.000000
0.000000
0.000000
0.000000
0.000430
0.000806
0.002123
0.006751
0.020283
0.045350
0.067349
0.070226
0.061230
0.055347
0.059240
0.070617
0.072759
0.046204
0.013657
0.001905
0.000188
0.000024
0.000007
0.000000
0.000000
0.000000
0.000000
0.000000
0.000000
0.000000
0.000000
0.000000
0.000000
0.000000
0.000298
0.000484
0.001151
0.003621
0.012162
0.033749
0.064447
0.083623
0.084355
0.080152
0.082382
0.089009
0.081166
0.044825
0.011219
0.001310
0.000110
0.000013
0.000004
0.000000
0.000000
0.000000
0.000000
0.000000
0.000000
0.000000
0.000000
0.000000
0.000000
0.000000
0.000229
0.000319
0.000665
0.001973
0.007029
0.023221
0.055869
0.089051
0.102260
0.100203
0.096679
0.092762
0.074426
0.036796
0.008557
0.000970
0.000082
0.000010
0.000003
0.000000
0.000000
0.000000
0.000000
0.000000
0.000000
0.000000
0.000000
0.000000
0.000000
0.000000
0.000236
0.000298
0.000549
0.001476
0.005091
0.017646
0.047001
0.082414
0.098429
0.092863
0.080555
0.067587
0.048576
0.023090
0.005746
0.000762
0.000077
0.000011
0.000003
0.000000
0.000000
0.000000
0.000000
0.000000
0.000000
0.000000
0.000000
0.000000
0.000000
0.000000
0.000363
0.000457
0.000777
0.001829
0.005425
0.016400
0.039145
0.062478
0.066839
0.054478
0.039991
0.029129
0.019732
0.010100
0.003166
0.000592
0.000086
0.000015
0.000005
0.000000
0.000000
0.000000
0.000000
0.000000
0.000000
0.000000
0.000000
0.000000
0.000000
0.000000
0.000790
0.001095
0.001813
0.003643
0.008293
0.018111
0.031020
0.036485
0.029479
0.018622
0.011172
0.007298
0.005081
0.003168
0.001434
0.000435
0.000102
0.000026
0.000011
0.000000
0.000000
0.000000
0.000000
0.000000
0.000000
0.000000
0.000000
0.000000
0.000000
0.000000
0.001973
0.003200
0.005342
0.009052
0.014702
0.020497
0.021665
0.016177
0.008883
0.004218
0.002148
0.001360
0.001066
0.000879
0.000613
0.000315
0.000125
0.000048
0.000024
0.000000
0.000000
0.000000
0.000000
0.000000
0.000000
0.000000
0.000000
0.000000
0.000000
0.000000
0.004234
0.007930
0.013383
0.019226
0.022264
0.019570
0.012475
0.005849
0.002258
0.000876
0.000421
0.000287
0.000272
0.000303
0.000316
0.000259
0.000162
0.000089
0.000052
0.000000
0.000000
0.000000
0.000000
0.000000
0.000000
0.000000
0.000000
0.000000
0.000000
0.000000
0.006056
0.012106
0.020119
0.025200
0.022333
0.013623
0.005879
0.001996
0.000639
0.000240
0.000127
0.000103
0.000123
0.000178
0.000250
0.000282
0.000240
0.000166
0.000111
0.000000
0.000000
0.000000
0.000000
0.000000
0.000000
0.000000
0.000000
0.000000
0.000000
0.000000
0.005199
0.009964
0.015713
0.017867
0.013522
0.006774
0.002452
0.000763
0.000255
0.000112
0.000075
0.000079
0.000117
0.000204
0.000333
0.000433
0.000419
0.000321
0.000222
0.000000
0.000000
0.000000
0.000000
0.000000
0.000000
0.000000
0.000000
0.000000
0.000000
0.000000
0.002927
0.004901
0.007082
0.007606
0.005534
0.002750
0.001051
0.000377
0.000159
0.000095
0.000087
0.000118
0.000209
0.000394
0.000656
0.000843
0.000805
0.000610
0.000413
0.000000
0.000000
0.000000
0.000000
0.000000
0.000000
0.000000
0.000000
0.000000
0.000000
0.000000
0.001377
0.001939
0.002529
0.002649
0.002032
0.001153
0.000545
0.000260
0.000152
0.000126
0.000152
0.000250
0.000480
0.000896
0.001388
0.001630
0.001446
0.001041
0.000679
0.000000
0.000000
0.000000
0.000000
0.000000
0.000000
0.000000
0.000000
0.000000
0.000000
0.000000
0.000713
0.000870
0.001037
0.001079
0.000908
0.000622
0.000383
0.000247
0.000194
0.000204
0.000289
0.000505
0.000943
0.001616
0.002254
0.002422
0.002035
0.001435
0.000936
0.000000
0.000000
0.000000
0.000000
0.000000
0.000000
0.000000
0.000000
0.000000
0.000000
0.000000
0.000000
0.000000
0.000000
0.000000
0.000000
0.000000
0.000000
0.000000
0.000000
0.000000
0.000000
0.000000
0.000000
0.000000
0.000000
0.000000
0.000000
0.000000
0.000000
0.000000
0.000000
0.000000
0.000000
0.000000
0.000000
0.000000
0.000000
0.000000
0.000000
0.000000
0.000000
0.000000
0.000000
0.000000
0.000000
0.000000
0.000000
0.000000
0.000000
0.000000
0.000000
0.000000
0.000000
0.000000
0.000000
0.000000
0.000000
0.000000
0.000000
0.000000
0.000000
0.000000
0.000000
0.000000
0.000000
0.000000
0.000000
0.000000
0.000000
0.000000
0.000000
0.000000
0.000000
0.000000
0.000000
0.000000
0.000000
0.000000
0.000000
0.000000
0.000000
0.000000
0.000000
0.000000
0.000000
0.000000
0.000000
0.000000
0.000000
0.000000
0.000000
0.000000
0.000000
0.000000
0.000000
0.000000
0.000000
0.000000
0.000000
0.000000
0.000000
0.000000
0.000000
0.000000
0.000000
0.000000
0.000000
0.000000
0.000000
0.000000
0.000000
0.000000
0.000000
0.000000
0.000000
0.000000
0.000000
0.000000
0.000000
0.000000
0.000000
0.000000
0.000000
0.000000
0.000000
0.000000
0.000000
0.000000
0.000000
0.000000
0.000000
0.000000
0.000000
0.000000
0.000000
0.000000
0.000000
0.000000
0.000000
0.000000
0.000000
0.000000
0.000000
0.000000
0.000000
0.000000
0.000000
0.000000
0.000000
0.000000
0.000000
0.000000
0.000000
0.000000
0.000000
0.000000
0.000000
0.000000
0.000000
0.000000
0.000000
0.000000
0.000000
0.000000
0.000000
0.000000
0.000000
0.000000
0.000000
0.000000
0.000000
0.000000
0.000000
0.000000
0.000000
0.000000
0.000000
0.000000
0.000000
0.000000
0.000000
0.000000
0.000000
0.000000
0.000000
0.000000
0.000000
0.000000
0.000000
0.000000
0.000000
0.000000
0.000000
0.000000
0.000000
0.000000
0.000000
0.000000
0.000000
0.000000
0.000000
0.000000
0.000000
0.000000
0.000000
0.000000
0.000000
0.000000
0.000000
0.000000
0.000000
0.000000
0.000000
0.000000
0.000000
0.000000
0.000000
0.000000
0.000000
0.000000
0.000000
0.000000
0.000000
0.000000
0.000000
0.000000
0.000000
0.000000
0.000000
0.000000
0.000000
0.000000
0.000000
0.000000
0.000000
0.000000
0.000000
0.000000
0.000000
0.000000
0.000000
0.000000
0.000000
0.000000
0.000000
0.000000
0.000000
0.000000
0.000000
0.000000
0.000000
0.000000
0.000000
0.000000
0.000000
0.000000
0.000000
0.000000
0.000000
0.000000
0.000000
0.000000
0.000000
0.000000
0.000000
0.000000
0.000000
0.000000
0.000000
0.000000
0.000000
0.000000
0.000000
0.000000
0.000000
0.000000
0.000000
0.000000
0.000000
0.000000
0.000000
0.000000
0.000000
0.000000
0.000000
0.000000
0.000000
0.000000
0.000000
0.000000
0.000000
0.000000
0.000000
0.000000
0.000000
0.000000
0.000000
0.000000
0.000000
0.000000
0.000000
0.000000
0.000000
0.000000
0.000000
0.000000
0.000000
0.000000
0.000000
0.000000
0.000000
0.000000
0.000000
0.000000
0.000000
0.000000
0.000000
0.000000
0.000000
0.000000
0.000000
0.000000
0.000000
0.000000
0.000000
0.000000
0.000000
0.000000
0.000000
0.000000
0.000000
0.000000
0.000000
0.000000
0.000000
0.000000
0.000000
0.000000
0.000000
0.000000
0.000729
0.000822
0.000919
0.001003
0.001079
0.001181
0.001361
0.001668
0.002105
0.002548
0.002726
0.002443
0.001843
0.001245
0.000824
0.000578
0.000442
0.000363
0.000308
0.000000
0.000000
0.000000
0.000000
0.000000
0.000000
0.000000
0.000000
0.000000
0.000000
0.000000
0.000765
0.000910
0.001083
0.001258
0.001430
0.001642
0.001985
0.002577
0.003493
0.004578
0.005259
0.004917
0.003685
0.002331
0.001368
0.000818
0.000526
0.000367
0.000272
0.000000
0.000000
0.000000
0.000000
0.000000
0.000000
0.000000
0.000000
0.000000
0.000000
0.000000
0.000816
0.001045
0.001363
0.001744
0.002160
0.002638
0.003306
0.004377
0.006062
0.008275
0.010147
0.010219
0.008050
0.005020
0.002650
0.001304
0.000654
0.000356
0.000217
0.000000
0.000000
0.000000
0.000000
0.000000
0.000000
0.000000
0.000000
0.000000
0.000000
0.000000
0.000855
0.001180
0.001697
0.002422
0.003318
0.004345
0.005578
0.007266
0.009765
0.013217
0.016813
0.018279
0.015546
0.009848
0.004720
0.001865
0.000696
0.000284
0.000142
0.000000
0.000000
0.000000
0.000000
0.000000
0.000000
0.000000
0.000000
0.000000
0.000000
0.000000
0.000845
0.001226
0.001895
0.002968
0.004484
0.006328
0.008337
0.010556
0.013354
0.017174
0.021727
0.024709
0.022300
0.014258
0.006171
0.001943
0.000538
0.000167
0.000071
0.000000
0.000000
0.000000
0.000000
0.000000
0.000000
0.000000
0.000000
0.000000
0.000000
0.000000
0.000770
0.001117
0.001764
0.002918
0.004788
0.007349
0.010177
0.012794
0.015287
0.018277
0.022022
0.024829
0.022595
0.014044
0.005405
0.001370
0.000291
0.000073
0.000029
0.000000
0.000000
0.000000
0.000000
0.000000
0.000000
0.000000
0.000000
0.000000
0.000000
0.000000
0.000656
0.000902
0.001373
0.002289
0.003996
0.006753
0.010206
0.013331
0.015519
0.017255
0.019124
0.020155
0.017368
0.010038
0.003413
0.000724
0.000127
0.000028
0.000011
0.000000
0.000000
0.000000
0.000000
0.000000
0.000000
0.000000
0.000000
0.000000
0.000000
0.000000
0.000561
0.000707
0.000992
0.001602
0.002906
0.005416
0.009175
0.012957
0.015203
0.015868
0.015808
0.014854
0.011543
0.006067
0.001869
0.000356
0.000057
0.000012
0.000005
0.000000
0.000000
0.000000
0.000000
0.000000
0.000000
0.000000
0.000000
0.000000
0.000000
0.000000
0.000539
0.000626
0.000805
0.001229
0.002248
0.004492
0.008392
0.012773
0.015150
0.014811
0.013063
0.010686
0.007384
0.003599
0.001074
0.000205
0.000034
0.000007
0.000003
0.000000
0.000000
0.000000
0.000000
0.000000
0.000000
0.000000
0.000000
0.000000
0.000000
0.000000
0.000649
0.000734
0.000893
0.001288
0.002280
0.004558
0.008673
0.013261
0.015123
0.013448
0.010367
0.007408
0.004680
0.002256
0.000724
0.000158
0.000030
0.000008
0.000004
0.000000
0.000000
0.000000
0.000000
0.000000
0.000000
0.000000
0.000000
0.000000
0.000000
0.000000
0.001023
0.001232
0.001513
0.002093
0.003416
0.006157
0.010437
0.014093
0.014028
0.010765
0.007189
0.004619
0.002838
0.001483
0.000576
0.000163
0.000040
0.000012
0.000006
0.000000
0.000000
0.000000
0.000000
0.000000
0.000000
0.000000
0.000000
0.000000
0.000000
0.000000
0.001977
0.002768
0.003688
0.005008
0.007209
0.010501
0.013710
0.014176
0.011080
0.006979
0.004068
0.002476
0.001601
0.000995
0.000515
0.000207
0.000071
0.000027
0.000014
0.000000
0.000000
0.000000
0.000000
0.000000
0.000000
0.000000
0.000000
0.000000
0.000000
0.000000
0.003914
0.006692
0.010151
0.013841
0.017171
0.018849
0.017193
0.012379
0.007140
0.003658
0.001940
0.001201
0.000882
0.000693
0.000498
0.000293
0.000143
0.000068
0.000038
0.000000
0.000000
0.000000
0.000000
0.000000
0.000000
0.000000
0.000000
0.000000
0.000000
0.000000
0.006289
0.012889
0.022381
0.031130
0.033756
0.028057
0.017797
0.008918
0.003893
0.001722
0.000902
0.000616
0.000543
0.000547
0.000531
0.000431
0.000282
0.000162
0.000096
0.000000
0.000000
0.000000
0.000000
0.000000
0.000000
0.000000
0.000000
0.000000
0.000000
0.000000
0.006780
0.015391
0.029559
0.042388
0.042219
0.028656
0.013833
0.005361
0.001998
0.000863
0.000498
0.000405
0.000438
0.000546
0.000656
0.000656
0.000518
0.000339
0.000208
0.000000
0.000000
0.000000
0.000000
0.000000
0.000000
0.000000
0.000000
0.000000
0.000000
0.000000
0.004626
0.010411
0.020876
0.031035
0.030232
0.018762
0.008060
0.002894
0.001097
0.000536
0.000377
0.000382
0.000500
0.000718
0.000953
0.001028
0.000867
0.000597
0.000373
0.000000
0.000000
0.000000
0.000000
0.000000
0.000000
0.000000
0.000000
0.000000
0.000000
0.000000
0.002233
0.004481
0.008716
0.013237
0.013327
0.008559
0.003898
0.001565
0.000710
0.000438
0.000396
0.000496
0.000750
0.001146
0.001517
0.001592
0.001309
0.000896
0.000565
0.000000
0.000000
0.000000
0.000000
0.000000
0.000000
0.000000
0.000000
0.000000
0.000000
0.000000
0.000974
0.001644
0.002905
0.004350
0.004643
0.003376
0.001852
0.000943
0.000559
0.000449
0.000508
0.000743
0.001202
0.001818
0.002269
0.002218
0.001731
0.001162
0.000740
0.000000
0.000000
0.000000
0.000000
0.000000
0.000000
0.000000
0.000000
0.000000
0.000000
0.000000
0.000499
0.000714
0.001107
0.001567
0.001748
0.001472
0.001015
0.000676
0.000519
0.000515
0.000665
0.001025
0.001632
0.002330
0.002718
0.002522
0.001928
0.001311
0.000863
0.000000
0.000000
0.000000
0.000000
0.000000
0.000000
0.000000
0.000000
0.000000
0.000000
0.000000
0.000000
0.000000
0.000000
0.000000
0.000000
0.000000
0.000000
0.000000
0.000000
0.000000
0.000000
0.000000
0.000000
0.000000
0.000000
0.000000
0.000000
0.000000
0.000000
0.000000
0.000000
0.000000
0.000000
0.000000
0.000000
0.000000
0.000000
0.000000
0.000000
0.000000
0.000000
0.000000
0.000000
0.000000
0.000000
0.000000
0.000000
0.000000
0.000000
0.000000
0.000000
0.000000
0.000000
0.000000
0.000000
0.000000
0.000000
0.000000
0.000000
0.000000
0.000000
0.000000
0.000000
0.000000
0.000000
0.000000
0.000000
0.000000
0.000000
0.000000
0.000000
0.000000
0.000000
0.000000
0.000000
0.000000
0.000000
0.000000
0.000000
0.000000
0.000000
0.000000
0.000000
0.000000
0.000000
0.000000
0.000000
0.000000
0.000000
0.000000
0.000000
0.000000
0.000000
0.000000
0.000000
0.000000
0.000000
0.000000
0.000000
0.000000
0.000000
0.000000
0.000000
0.000000
0.000000
0.000000
0.000000
0.000000
0.000000
0.000000
0.000000
0.000000
0.000000
0.000000
0.000000
0.000000
0.000000
0.000000
0.000000
0.000000
0.000000
0.000000
0.000000
0.000000
0.000000
0.000000
0.000000
0.000000
0.000000
0.000000
0.000000
0.000000
0.000000
0.000000
0.000000
0.000000
0.000000
0.000000
0.000000
0.000000
0.000000
0.000000
0.000000
0.000000
0.000000
0.000000
0.000000
0.000000
0.000000
0.000000
0.000000
0.000000
0.000000
0.000000
0.000000
0.000000
0.000000
0.000000
0.000000
0.000000
0.000000
0.000000
0.000000
0.000000
0.000000
0.000000
0.000000
0.000000
0.000000
0.000000
0.000000
0.000000
0.000000
0.000000
0.000000
0.000000
0.000000
0.000000
0.000000
0.000000
0.000000
0.000000
0.000000
0.000000
0.000000
0.000000
0.000000
0.000000
0.000000
0.000000
0.000000
0.000000
0.000000
0.000000
0.000000
0.000000
0.000000
0.000000
0.000000
0.000000
0.000000
0.000000
0.000000
0.000000
0.000000
0.000000
0.000000
0.000000
0.000000
0.000000
0.000000
0.000000
0.000000
0.000000
0.000000
0.000000
0.000000
0.000000
0.000000
0.000000
0.000000
0.000000
0.000000
0.000000
0.000000
0.000000
0.000000
0.000000
0.000000
0.000000
0.000000
0.000000
0.000000
0.000000
0.000000
0.000000
0.000000
0.000000
0.000000
0.000000
0.000000
0.000000
0.000000
0.000000
0.000000
0.000000
0.000000
0.000000
0.000000
0.000000
0.000000
0.000000
0.000000
0.000000
0.000000
0.000000
0.000000
0.000000
0.000000
0.000000
0.000000
0.000000
0.000000
0.000000
0.000000
0.000000
0.000000
0.000000
0.000000
0.000000
0.000000
0.000000
0.000000
0.000000
0.000000
0.000000
0.000000
0.000000
0.000000
0.000000
0.000000
0.000000
0.000000
0.000000
0.000000
0.000000
0.000000
0.000000
0.000000
0.000000
0.000000
0.000000
0.000000
0.000000
0.000000
0.000000
0.000000
0.000000
0.000000
0.000000
0.000000
0.000000
0.000000
0.000000
0.000000
0.000000
0.000000
0.000000
0.000000
0.000000
0.000000
0.000000
0.000000
0.000000
0.000000
0.000000
0.000000
0.000000
0.000000
0.000000
0.000000
0.000000
0.000000
0.000000
0.000000
0.000000
0.000000
0.000000
0.000000
0.000000
0.000000
0.000000
0.000000
0.000000
0.000000
0.000000
0.000000
0.000000
0.000000
0.000000
0.001572
0.001829
0.001776
0.001484
0.001168
0.000970
0.000923
0.001020
0.001214
0.001373
0.001310
0.001008
0.000662
0.000425
0.000309
0.000275
0.000291
0.000328
0.000344
0.000000
0.000000
0.000000
0.000000
0.000000
0.000000
0.000000
0.000000
0.000000
0.000000
0.000000
0.001780
0.002158
0.002122
0.001753
0.001356
0.001125
0.001107
0.001308
0.001701
0.002089
0.002096
0.001618
0.001020
0.000612
0.000415
0.000348
0.000351
0.000372
0.000359
0.000000
0.000000
0.000000
0.000000
0.000000
0.000000
0.000000
0.000000
0.000000
0.000000
0.000000
0.001788
0.002229
0.002266
0.001948
0.001577
0.001376
0.001425
0.001777
0.002441
0.003175
0.003375
0.002742
0.001787
0.001074
0.000696
0.000533
0.000470
0.000426
0.000353
0.000000
0.000000
0.000000
0.000000
0.000000
0.000000
0.000000
0.000000
0.000000
0.000000
0.000000
0.001636
0.002060
0.002178
0.002001
0.001757
0.001653
0.001802
0.002293
0.003158
0.004142
0.004574
0.003992
0.002825
0.001785
0.001132
0.000774
0.000567
0.000418
0.000289
0.000000
0.000000
0.000000
0.000000
0.000000
0.000000
0.000000
0.000000
0.000000
0.000000
0.000000
0.001429
0.001782
0.001927
0.001877
0.001786
0.001806
0.002039
0.002554
0.003343
0.004183
0.004599
0.004235
0.003267
0.002201
0.001374
0.000833
0.000501
0.000301
0.000182
0.000000
0.000000
0.000000
0.000000
0.000000
0.000000
0.000000
0.000000
0.000000
0.000000
0.000000
0.001247
0.001506
0.001612
0.001608
0.001613
0.001723
0.001986
0.002403
0.002899
0.003312
0.003449
0.003193
0.002585
0.001810
0.001099
0.000593
0.000300
0.000155
0.000088
0.000000
0.000000
0.000000
0.000000
0.000000
0.000000
0.000000
0.000000
0.000000
0.000000
0.000000
0.001130
0.001297
0.001326
0.001299
0.001329
0.001477
0.001742
0.002056
0.002292
0.002353
0.002229
0.001959
0.001564
0.001084
0.000627
0.000305
0.000136
0.000065
0.000038
0.000000
0.000000
0.000000
0.000000
0.000000
0.000000
0.000000
0.000000
0.000000
0.000000
0.000000
0.001102
0.001197
0.001146
0.001076
0.001100
0.001265
0.001553
0.001843
0.001957
0.001826
0.001546
0.001230
0.000913
0.000598
0.000324
0.000146
0.000061
0.000028
0.000018
0.000000
0.000000
0.000000
0.000000
0.000000
0.000000
0.000000
0.000000
0.000000
0.000000
0.000000
0.001198
0.001260
0.001148
0.001038
0.001059
0.001264
0.001635
0.002007
0.002099
0.001825
0.001385
0.000979
0.000654
0.000395
0.000202
0.000087
0.000036
0.000017
0.000011
0.000000
0.000000
0.000000
0.000000
0.000000
0.000000
0.000000
0.000000
0.000000
0.000000
0.000000
0.001494
0.001605
0.001468
0.001328
0.001374
0.001694
0.002284
0.002884
0.002998
0.002475
0.001714
0.001086
0.000659
0.000373
0.000186
0.000081
0.000034
0.000017
0.000012
0.000000
0.000000
0.000000
0.000000
0.000000
0.000000
0.000000
0.000000
0.000000
0.000000
0.000000
0.002119
0.002512
0.002504
0.002411
0.002583
0.003220
0.004310
0.005327
0.005345
0.004187
0.002711
0.001599
0.000917
0.000510
0.000263
0.000123
0.000055
0.000028
0.000019
0.000000
0.000000
0.000000
0.000000
0.000000
0.000000
0.000000
0.000000
0.000000
0.000000
0.000000
0.003204
0.004514
0.005343
0.005852
0.006619
0.008042
0.009912
0.011057
0.010122
0.007421
0.004612
0.002671
0.001544
0.000897
0.000502
0.000261
0.000130
0.000068
0.000043
0.000000
0.000000
0.000000
0.000000
0.000000
0.000000
0.000000
0.000000
0.000000
0.000000
0.000000
0.004555
0.007952
0.011864
0.015523
0.018746
0.021422
0.022683
0.021192
0.016827
0.011441
0.007052
0.004254
0.002644
0.001691
0.001063
0.000626
0.000343
0.000185
0.000108
0.000000
0.000000
0.000000
0.000000
0.000000
0.000000
0.000000
0.000000
0.000000
0.000000
0.000000
0.005238
0.011190
0.021263
0.033721
0.043625
0.046290
0.041059
0.031279
0.021272
0.013608
0.008674
0.005761
0.004040
0.002917
0.002056
0.001345
0.000799
0.000443
0.000247
0.000000
0.000000
0.000000
0.000000
0.000000
0.000000
0.000000
0.000000
0.000000
0.000000
0.000000
0.004347
0.010622
0.024704
0.046702
0.064864
0.065223
0.049956
0.032054
0.019375
0.012203
0.008453
0.006451
0.005222
0.004232
0.003240
0.002247
0.001394
0.000793
0.000439
0.000000
0.000000
0.000000
0.000000
0.000000
0.000000
0.000000
0.000000
0.000000
0.000000
0.000000
0.002566
0.006453
0.016963
0.036863
0.055356
0.054935
0.038735
0.022634
0.013170
0.008739
0.006892
0.006176
0.005753
0.005097
0.004052
0.002835
0.001771
0.001030
0.000590
0.000000
0.000000
0.000000
0.000000
0.000000
0.000000
0.000000
0.000000
0.000000
0.000000
0.000000
0.001205
0.002795
0.007448
0.017340
0.027875
0.028527
0.020169
0.011951
0.007386
0.005507
0.005067
0.005299
0.005543
0.005205
0.004163
0.002858
0.001768
0.001052
0.000642
0.000000
0.000000
0.000000
0.000000
0.000000
0.000000
0.000000
0.000000
0.000000
0.000000
0.000000
0.000556
0.001104
0.002671
0.006026
0.009905
0.010735
0.008261
0.005481
0.003883
0.003355
0.003556
0.004179
0.004729
0.004605
0.003699
0.002521
0.001568
0.000968
0.000634
0.000000
0.000000
0.000000
0.000000
0.000000
0.000000
0.000000
0.000000
0.000000
0.000000
0.000000
0.000313
0.000521
0.001057
0.002098
0.003306
0.003769
0.003286
0.002568
0.002140
0.002110
0.002453
0.003056
0.003587
0.003594
0.002975
0.002105
0.001374
0.000900
0.000630
0.000000
0.000000
0.000000
0.000000
0.000000
0.000000
0.000000
0.000000
0.000000
0.000000
0.000000
0.000000
0.000000
0.000000
0.000000
0.000000
0.000000
0.000000
0.000000
0.000000
0.000000
0.000000
0.000000
0.000000
0.000000
0.000000
0.000000
0.000000
0.000000
0.000000
0.000000
0.000000
0.000000
0.000000
0.000000
0.000000
0.000000
0.000000
0.000000
0.000000
0.000000
0.000000
0.000000
0.000000
0.000000
0.000000
0.000000
0.000000
0.000000
0.000000
0.000000
0.000000
0.000000
0.000000
0.000000
0.000000
0.000000
0.000000
0.000000
0.000000
0.000000
0.000000
0.000000
0.000000
0.000000
0.000000
0.000000
0.000000
0.000000
0.000000
0.000000
0.000000
0.000000
0.000000
0.000000
0.000000
0.000000
0.000000
0.000000
0.000000
0.000000
0.000000
0.000000
0.000000
0.000000
0.000000
0.000000
0.000000
0.000000
0.000000
0.000000
0.000000
0.000000
0.000000
0.000000
0.000000
0.000000
0.000000
0.000000
0.000000
0.000000
0.000000
0.000000
0.000000
0.000000
0.000000
0.000000
0.000000
0.000000
0.000000
0.000000
0.000000
0.000000
0.000000
0.000000
0.000000
0.000000
0.000000
0.000000
0.000000
0.000000
0.000000
0.000000
0.000000
0.000000
0.000000
0.000000
0.000000
0.000000
0.000000
0.000000
0.000000
0.000000
0.000000
0.000000
0.000000
0.000000
0.000000
0.000000
0.000000
0.000000
0.000000
0.000000
0.000000
0.000000
0.000000
0.000000
0.000000
0.000000
0.000000
0.000000
0.000000
0.000000
0.000000
0.000000
0.000000
0.000000
0.000000
0.000000
0.000000
0.000000
0.000000
0.000000
0.000000
0.000000
0.000000
0.000000
0.000000
0.000000
0.000000
0.000000
0.000000
0.000000
0.000000
0.000000
0.000000
0.000000
0.000000
0.000000
0.000000
0.000000
0.000000
0.000000
0.000000
0.000000
0.000000
0.000000
0.000000
0.000000
0.000000
0.000000
0.000000
0.000000
0.000000
0.000000
0.000000
0.000000
0.000000
0.000000
0.000000
0.000000
0.000000
0.000000
0.000000
0.000000
0.000000
0.000000
0.000000
0.000000
0.000000
0.000000
0.000000
0.000000
0.000000
0.000000
0.000000
0.000000
0.000000
0.000000
0.000000
0.000000
0.000000
0.000000
0.000000
0.000000
0.000000
0.000000
0.000000
0.000000
0.000000
0.000000
0.000000
0.000000
0.000000
0.000000
0.000000
0.000000
0.000000
0.000000
0.000000
0.000000
0.000000
0.000000
0.000000
0.000000
0.000000
0.000000
0.000000
0.000000
0.000000
0.000000
0.000000
0.000000
0.000000
0.000000
0.000000
0.000000
0.000000
0.000000
0.000000
0.000000
0.000000
0.000000
0.000000
0.000000
0.000000
0.000000
0.000000
0.000000
0.000000
0.000000
0.000000
0.000000
0.000000
0.000000
0.000000
0.000000
0.000000
0.000000
0.000000
0.000000
0.000000
0.000000
0.000000
0.000000
0.000000
0.000000
0.000000
0.000000
0.000000
0.000000
0.000000
0.000000
0.000000
0.000000
0.000000
0.000000
0.000000
0.000000
0.000000
0.000000
0.000000
0.000000
0.000000
0.000000
0.000000
0.000000
0.000000
0.000000
0.000000
0.000000
0.000000
0.000000
0.000000
0.000000
0.000000
0.000000
0.000000
0.000000
0.000000
0.000000
0.000000
0.000000
0.000000
0.000000
0.000000
0.000000
0.000000
0.000000
0.000000
0.000000
0.000000
0.000000
0.000000
0.000000
0.000000
0.000000
0.000000
0.000000
0.000000
0.000000
0.002079
0.002473
0.002359
0.001857
0.001332
0.000988
0.000835
0.000822
0.000877
0.000892
0.000769
0.000545
0.000344
0.000228
0.000186
0.000200
0.000265
0.000361
0.000425
0.000000
0.000000
0.000000
0.000000
0.000000
0.000000
0.000000
0.000000
0.000000
0.000000
0.000000
0.002240
0.002746
0.002630
0.002036
0.001430
0.001054
0.000913
0.000949
0.001084
0.001160
0.001012
0.000691
0.000408
0.000254
0.000202
0.000222
0.000307
0.000429
0.000488
0.000000
0.000000
0.000000
0.000000
0.000000
0.000000
0.000000
0.000000
0.000000
0.000000
0.000000
0.002017
0.002465
0.002401
0.001927
0.001423
0.001114
0.001026
0.001128
0.001347
0.001490
0.001325
0.000914
0.000542
0.000338
0.000269
0.000293
0.000392
0.000515
0.000531
0.000000
0.000000
0.000000
0.000000
0.000000
0.000000
0.000000
0.000000
0.000000
0.000000
0.000000
0.001631
0.001941
0.001925
0.001644
0.001327
0.001136
0.001119
0.001270
0.001520
0.001669
0.001498
0.001073
0.000677
0.000448
0.000366
0.000386
0.000475
0.000551
0.000502
0.000000
0.000000
0.000000
0.000000
0.000000
0.000000
0.000000
0.000000
0.000000
0.000000
0.000000
0.001314
0.001504
0.001500
0.001347
0.001178
0.001091
0.001124
0.001267
0.001446
0.001507
0.001328
0.000989
0.000678
0.000489
0.000415
0.000421
0.000465
0.000472
0.000386
0.000000
0.000000
0.000000
0.000000
0.000000
0.000000
0.000000
0.000000
0.000000
0.000000
0.000000
0.001144
0.001258
0.001229
0.001117
0.001016
0.000983
0.001027
0.001118
0.001181
0.001130
0.000947
0.000715
0.000523
0.000406
0.000355
0.000344
0.000342
0.000311
0.000241
0.000000
0.000000
0.000000
0.000000
0.000000
0.000000
0.000000
0.000000
0.000000
0.000000
0.000000
0.001116
0.001182
0.001103
0.000971
0.000880
0.000862
0.000903
0.000952
0.000935
0.000818
0.000638
0.000469
0.000349
0.000278
0.000242
0.000222
0.000202
0.000172
0.000134
0.000000
0.000000
0.000000
0.000000
0.000000
0.000000
0.000000
0.000000
0.000000
0.000000
0.000000
0.001211
0.001247
0.001100
0.000918
0.000811
0.000800
0.000856
0.000907
0.000866
0.000712
0.000517
0.000357
0.000254
0.000195
0.000161
0.000138
0.000117
0.000096
0.000077
0.000000
0.000000
0.000000
0.000000
0.000000
0.000000
0.000000
0.000000
0.000000
0.000000
0.000000
0.001412
0.001447
0.001232
0.000990
0.000866
0.000882
0.001002
0.001130
0.001116
0.000908
0.000625
0.000398
0.000258
0.000180
0.000135
0.000106
0.000084
0.000067
0.000056
0.000000
0.000000
0.000000
0.000000
0.000000
0.000000
0.000000
0.000000
0.000000
0.000000
0.000000
0.001704
0.001808
0.001569
0.001286
0.001170
0.001278
0.001602
0.002006
0.002156
0.001825
0.001235
0.000732
0.000425
0.000262
0.000175
0.000124
0.000092
0.000070
0.000057
0.000000
0.000000
0.000000
0.000000
0.000000
0.000000
0.000000
0.000000
0.000000
0.000000
0.000000
0.002050
0.002377
0.002281
0.002072
0.002086
0.002523
0.003516
0.004904
0.005816
0.005278
0.003643
0.002078
0.001105
0.000606
0.000360
0.000231
0.000157
0.000112
0.000085
0.000000
0.000000
0.000000
0.000000
0.000000
0.000000
0.000000
0.000000
0.000000
0.000000
0.000000
0.002347
0.003145
0.003637
0.003991
0.004687
0.006307
0.009437
0.013973
0.017689
0.017211
0.012536
0.007241
0.003704
0.001877
0.001013
0.000593
0.000370
0.000240
0.000162
0.000000
0.000000
0.000000
0.000000
0.000000
0.000000
0.000000
0.000000
0.000000
0.000000
0.000000
0.002410
0.003870
0.005751
0.008093
0.011373
0.016598
0.024916
0.036019
0.045550
0.046350
0.036459
0.022576
0.011867
0.005874
0.002986
0.001620
0.000931
0.000549
0.000327
0.000000
0.000000
0.000000
0.000000
0.000000
0.000000
0.000000
0.000000
0.000000
0.000000
0.000000
0.002082
0.004002
0.007778
0.014262
0.023767
0.036009
0.050501
0.065941
0.078315
0.080803
0.069087
0.047801
0.027382
0.013954
0.006912
0.003538
0.001894
0.001037
0.000569
0.000000
0.000000
0.000000
0.000000
0.000000
0.000000
0.000000
0.000000
0.000000
0.000000
0.000000
0.001455
0.003194
0.007825
0.018113
0.034602
0.052420
0.066180
0.075496
0.081985
0.084283
0.077855
0.060776
0.038933
0.021073
0.010423
0.005116
0.002606
0.001379
0.000749
0.000000
0.000000
0.000000
0.000000
0.000000
0.000000
0.000000
0.000000
0.000000
0.000000
0.000000
0.000839
0.001935
0.005485
0.014927
0.031281
0.046673
0.053232
0.053440
0.053230
0.054513
0.054289
0.047652
0.034161
0.019830
0.009952
0.004778
0.002381
0.001275
0.000736
0.000000
0.000000
0.000000
0.000000
0.000000
0.000000
0.000000
0.000000
0.000000
0.000000
0.000000
0.000440
0.000971
0.002835
0.008176
0.017747
0.025954
0.027537
0.025309
0.023840
0.024632
0.026404
0.025864
0.020661
0.012967
0.006758
0.003279
0.001658
0.000935
0.000599
0.000000
0.000000
0.000000
0.000000
0.000000
0.000000
0.000000
0.000000
0.000000
0.000000
0.000000
0.000245
0.000481
0.001284
0.003482
0.007281
0.010371
0.010728
0.009657
0.009058
0.009595
0.010911
0.011653
0.010263
0.007063
0.003972
0.002047
0.001097
0.000669
0.000478
0.000000
0.000000
0.000000
0.000000
0.000000
0.000000
0.000000
0.000000
0.000000
0.000000
0.000000
0.000168
0.000284
0.000632
0.001449
0.002720
0.003743
0.003954
0.003723
0.003646
0.003989
0.004684
0.005258
0.005012
0.003836
0.002432
0.001408
0.000836
0.000556
0.000430
0.000000
0.000000
0.000000
0.000000
0.000000
0.000000
0.000000
0.000000
0.000000
0.000000
0.000000
0.000000
0.000000
0.000000
0.000000
0.000000
0.000000
0.000000
0.000000
0.000000
0.000000
0.000000
0.000000
0.000000
0.000000
0.000000
0.000000
0.000000
0.000000
0.000000
0.000000
0.000000
0.000000
0.000000
0.000000
0.000000
0.000000
0.000000
0.000000
0.000000
0.000000
0.000000
0.000000
0.000000
0.000000
0.000000
0.000000
0.000000
0.000000
0.000000
0.000000
0.000000
0.000000
0.000000
0.000000
0.000000
0.000000
0.000000
0.000000
0.000000
0.000000
0.000000
0.000000
0.000000
0.000000
0.000000
0.000000
0.000000
0.000000
0.000000
0.000000
0.000000
0.000000
0.000000
0.000000
0.000000
0.000000
0.000000
0.000000
0.000000
0.000000
0.000000
0.000000
0.000000
0.000000
0.000000
0.000000
0.000000
0.000000
0.000000
0.000000
0.000000
0.000000
0.000000
0.000000
0.000000
0.000000
0.000000
0.000000
0.000000
0.000000
0.000000
0.000000
0.000000
0.000000
0.000000
0.000000
0.000000
0.000000
0.000000
0.000000
0.000000
0.000000
0.000000
0.000000
0.000000
0.000000
0.000000
0.000000
0.000000
0.000000
0.000000
0.000000
0.000000
0.000000
0.000000
0.000000
0.000000
0.000000
0.000000
0.000000
0.000000
0.000000
0.000000
0.000000
0.000000
0.000000
0.000000
0.000000
0.000000
0.000000
0.000000
0.000000
0.000000
0.000000
0.000000
0.000000
0.000000
0.000000
0.000000
0.000000
0.000000
0.000000
0.000000
0.000000
0.000000
0.000000
0.000000
0.000000
0.000000
0.000000
0.000000
0.000000
0.000000
0.000000
0.000000
0.000000
0.000000
0.000000
0.000000
0.000000
0.000000
0.000000
0.000000
0.000000
0.000000
0.000000
0.000000
0.000000
0.000000
0.000000
0.000000
0.000000
0.000000
0.000000
0.000000
0.000000
0.000000
0.000000
0.000000
0.000000
0.000000
0.000000
0.000000
0.000000
0.000000
0.000000
0.000000
0.000000
0.000000
0.000000
0.000000
0.000000
0.000000
0.000000
0.000000
0.000000
0.000000
0.000000
0.000000
0.000000
0.000000
0.000000
0.000000
0.000000
0.000000
0.000000
0.000000
0.000000
0.000000
0.000000
0.000000
0.000000
0.000000
0.000000
0.000000
0.000000
0.000000
0.000000
0.000000
0.000000
0.000000
0.000000
0.000000
0.000000
0.000000
0.000000
0.000000
0.000000
0.000000
0.000000
0.000000
0.000000
0.000000
0.000000
0.000000
0.000000
0.000000
0.000000
0.000000
0.000000
0.000000
0.000000
0.000000
0.000000
0.000000
0.000000
0.000000
0.000000
0.000000
0.000000
0.000000
0.000000
0.000000
0.000000
0.000000
0.000000
0.000000
0.000000
0.000000
0.000000
0.000000
0.000000
0.000000
0.000000
0.000000
0.000000
0.000000
0.000000
0.000000
0.000000
0.000000
0.000000
0.000000
0.000000
0.000000
0.000000
0.000000
0.000000
0.000000
0.000000
0.000000
0.000000
0.000000
0.000000
0.000000
0.000000
0.000000
0.000000
0.000000
0.000000
0.000000
0.000000
0.000000
0.000000
0.000000
0.000000
0.000000
0.000000
0.000000
0.000000
0.000000
0.000000
0.000000
0.000000
0.000000
0.000000
0.000000
0.000000
0.000000
0.000000
0.000000
0.000000
0.000000
0.000000
0.000000
0.000000
0.000000
0.000000
0.000000
0.000000
0.000000
0.000000
0.000000
0.000000
0.000000
0.000000
0.000000
0.000000
0.000000
0.000000
0.001428
0.001635
0.001651
0.001465
0.001194
0.000969
0.000846
0.000820
0.000847
0.000845
0.000736
0.000541
0.000357
0.000244
0.000201
0.000215
0.000279
0.000375
0.000439
0.000000
0.000000
0.000000
0.000000
0.000000
0.000000
0.000000
0.000000
0.000000
0.000000
0.000000
0.001295
0.001495
0.001548
0.001419
0.001197
0.001006
0.000917
0.000936
0.001017
0.001048
0.000906
0.000632
0.000384
0.000244
0.000194
0.000210
0.000288
0.000408
0.000479
0.000000
0.000000
0.000000
0.000000
0.000000
0.000000
0.000000
0.000000
0.000000
0.000000
0.000000
0.001023
0.001163
0.001247
0.001230
0.001137
0.001045
0.001023
0.001098
0.001226
0.001268
0.001083
0.000735
0.000434
0.000268
0.000210
0.000227
0.000311
0.000435
0.000492
0.000000
0.000000
0.000000
0.000000
0.000000
0.000000
0.000000
0.000000
0.000000
0.000000
0.000000
0.000777
0.000859
0.000953
0.001026
0.001062
0.001085
0.001143
0.001260
0.001391
0.001399
0.001168
0.000792
0.000477
0.000303
0.000241
0.000257
0.000338
0.000443
0.000469
0.000000
0.000000
0.000000
0.000000
0.000000
0.000000
0.000000
0.000000
0.000000
0.000000
0.000000
0.000635
0.000684
0.000775
0.000889
0.001004
0.001114
0.001228
0.001347
0.001421
0.001351
0.001093
0.000753
0.000480
0.000326
0.000270
0.000285
0.000350
0.000419
0.000412
0.000000
0.000000
0.000000
0.000000
0.000000
0.000000
0.000000
0.000000
0.000000
0.000000
0.000000
0.000599
0.000636
0.000715
0.000832
0.000970
0.001114
0.001245
0.001333
0.001326
0.001180
0.000920
0.000644
0.000436
0.000320
0.000277
0.000289
0.000331
0.000363
0.000335
0.000000
0.000000
0.000000
0.000000
0.000000
0.000000
0.000000
0.000000
0.000000
0.000000
0.000000
0.000656
0.000692
0.000750
0.000836
0.000952
0.001088
0.001217
0.001284
0.001230
0.001043
0.000786
0.000549
0.000385
0.000296
0.000262
0.000267
0.000288
0.000295
0.000261
0.000000
0.000000
0.000000
0.000000
0.000000
0.000000
0.000000
0.000000
0.000000
0.000000
0.000000
0.000789
0.000828
0.000849
0.000880
0.000949
0.001071
0.001224
0.001333
0.001301
0.001096
0.000808
0.000551
0.000380
0.000287
0.000248
0.000241
0.000246
0.000240
0.000210
0.000000
0.000000
0.000000
0.000000
0.000000
0.000000
0.000000
0.000000
0.000000
0.000000
0.000000
0.000956
0.001005
0.000981
0.000952
0.000988
0.001133
0.001389
0.001671
0.001785
0.001585
0.001169
0.000764
0.000490
0.000340
0.000270
0.000243
0.000232
0.000218
0.000188
0.000000
0.000000
0.000000
0.000000
0.000000
0.000000
0.000000
0.000000
0.000000
0.000000
0.000000
0.001088
0.001161
0.001119
0.001068
0.001124
0.001380
0.001917
0.002704
0.003367
0.003328
0.002537
0.001584
0.000913
0.000552
0.000382
0.000306
0.000270
0.000241
0.000203
0.000000
0.000000
0.000000
0.000000
0.000000
0.000000
0.000000
0.000000
0.000000
0.000000
0.000000
0.001112
0.001238
0.001255
0.001276
0.001458
0.002009
0.003250
0.005486
0.008172
0.009297
0.007588
0.004632
0.002404
0.001245
0.000731
0.000509
0.000404
0.000334
0.000265
0.000000
0.000000
0.000000
0.000000
0.000000
0.000000
0.000000
0.000000
0.000000
0.000000
0.000000
0.001008
0.001212
0.001392
0.001634
0.002150
0.003379
0.006242
0.012163
0.021073
0.027552
0.024804
0.015535
0.007585
0.003453
0.001730
0.001037
0.000728
0.000545
0.000396
0.000000
0.000000
0.000000
0.000000
0.000000
0.000000
0.000000
0.000000
0.000000
0.000000
0.000000
0.000812
0.001090
0.001504
0.002162
0.003359
0.005876
0.011578
0.023875
0.044614
0.064452
0.064822
0.044235
0.021937
0.009343
0.004144
0.002164
0.001339
0.000902
0.000597
0.000000
0.000000
0.000000
0.000000
0.000000
0.000000
0.000000
0.000000
0.000000
0.000000
0.000000
0.000588
0.000890
0.001513
0.002706
0.004893
0.009000
0.017239
0.033896
0.062690
0.095239
0.106100
0.081913
0.044388
0.019077
0.007918
0.003715
0.002060
0.001269
0.000789
0.000000
0.000000
0.000000
0.000000
0.000000
0.000000
0.000000
0.000000
0.000000
0.000000
0.000000
0.000388
0.000650
0.001333
0.002880
0.005785
0.010471
0.017967
0.031011
0.053307
0.082598
0.101001
0.088537
0.054015
0.024716
0.010135
0.004460
0.002294
0.001345
0.000833
0.000000
0.000000
0.000000
0.000000
0.000000
0.000000
0.000000
0.000000
0.000000
0.000000
0.000000
0.000242
0.000429
0.000994
0.002422
0.005079
0.008591
0.012629
0.018323
0.028086
0.043122
0.057321
0.056984
0.039417
0.019769
0.008389
0.003636
0.001819
0.001069
0.000701
0.000000
0.000000
0.000000
0.000000
0.000000
0.000000
0.000000
0.000000
0.000000
0.000000
0.000000
0.000154
0.000270
0.000646
0.001619
0.003328
0.005137
0.006493
0.007967
0.010756
0.015838
0.022161
0.024644
0.019425
0.010952
0.005034
0.002271
0.001164
0.000717
0.000518
0.000000
0.000000
0.000000
0.000000
0.000000
0.000000
0.000000
0.000000
0.000000
0.000000
0.000000
0.000109
0.000179
0.000403
0.000945
0.001806
0.002558
0.002916
0.003199
0.003909
0.005433
0.007649
0.009134
0.008090
0.005216
0.002713
0.001347
0.000742
0.000492
0.000392
0.000000
0.000000
0.000000
0.000000
0.000000
0.000000
0.000000
0.000000
0.000000
0.000000
0.000000
0.000094
0.000141
0.000274
0.000555
0.000951
0.001266
0.001395
0.001480
0.001721
0.002260
0.003076
0.003745
0.003609
0.002667
0.001621
0.000927
0.000569
0.000408
0.000346
0.000000
0.000000
0.000000
0.000000
0.000000
0.000000
0.000000
0.000000
0.000000
0.000000
0.000000
0.000000
0.000000
0.000000
0.000000
0.000000
0.000000
0.000000
0.000000
0.000000
0.000000
0.000000
0.000000
0.000000
0.000000
0.000000
0.000000
0.000000
0.000000
0.000000
0.000000
0.000000
0.000000
0.000000
0.000000
0.000000
0.000000
0.000000
0.000000
0.000000
0.000000
0.000000
0.000000
0.000000
0.000000
0.000000
0.000000
0.000000
0.000000
0.000000
0.000000
0.000000
0.000000
0.000000
0.000000
0.000000
0.000000
0.000000
0.000000
0.000000
0.000000
0.000000
0.000000
0.000000
0.000000
0.000000
0.000000
0.000000
0.000000
0.000000
0.000000
0.000000
0.000000
0.000000
0.000000
0.000000
0.000000
0.000000
0.000000
0.000000
0.000000
0.000000
0.000000
0.000000
0.000000
0.000000
0.000000
0.000000
0.000000
0.000000
0.000000
0.000000
0.000000
0.000000
0.000000
0.000000
0.000000
0.000000
0.000000
0.000000
0.000000
0.000000
0.000000
0.000000
0.000000
0.000000
0.000000
0.000000
0.000000
0.000000
0.000000
0.000000
0.000000
0.000000
0.000000
0.000000
0.000000
0.000000
0.000000
0.000000
0.000000
0.000000
0.000000
0.000000
0.000000
0.000000
0.000000
0.000000
0.000000
0.000000
0.000000
0.000000
0.000000
0.000000
0.000000
0.000000
0.000000
0.000000
0.000000
0.000000
0.000000
0.000000
0.000000
0.000000
0.000000
0.000000
0.000000
0.000000
0.000000
0.000000
0.000000
0.000000
0.000000
0.000000
0.000000
0.000000
0.000000
0.000000
0.000000
0.000000
0.000000
0.000000
0.000000
0.000000
0.000000
0.000000
0.000000
0.000000
0.000000
0.000000
0.000000
0.000000
0.000000
0.000000
0.000000
0.000000
0.000000
0.000000
0.000000
0.000000
0.000000
0.000000
0.000000
0.000000
0.000000
0.000000
0.000000
0.000000
0.000000
0.000000
0.000000
0.000000
0.000000
0.000000
0.000000
0.000000
0.000000
0.000000
0.000000
0.000000
0.000000
0.000000
0.000000
0.000000
0.000000
0.000000
0.000000
0.000000
0.000000
0.000000
0.000000
0.000000
0.000000
0.000000
0.000000
0.000000
0.000000
0.000000
0.000000
0.000000
0.000000
0.000000
0.000000
0.000000
0.000000
0.000000
0.000000
0.000000
0.000000
0.000000
0.000000
0.000000
0.000000
0.000000
0.000000
0.000000
0.000000
0.000000
0.000000
0.000000
0.000000
0.000000
0.000000
0.000000
0.000000
0.000000
0.000000
0.000000
0.000000
0.000000
0.000000
0.000000
0.000000
0.000000
0.000000
0.000000
0.000000
0.000000
0.000000
0.000000
0.000000
0.000000
0.000000
0.000000
0.000000
0.000000
0.000000
0.000000
0.000000
0.000000
0.000000
0.000000
0.000000
0.000000
0.000000
0.000000
0.000000
0.000000
0.000000
0.000000
0.000000
0.000000
0.000000
0.000000
0.000000
0.000000
0.000000
0.000000
0.000000
0.000000
0.000000
0.000000
0.000000
0.000000
0.000000
0.000000
0.000000
0.000000
0.000000
0.000000
0.000000
0.000000
0.000000
0.000000
0.000000
0.000000
0.000000
0.000000
0.000000
0.000000
0.000000
0.000000
0.000000
0.000000
0.000000
0.000000
0.000000
0.000000
0.000000
0.000000
0.000000
0.000000
0.000000
0.000000
0.000000
0.000000
0.000000
0.000000
0.000000
0.000000
0.000000
0.000000
0.000000
0.000000
0.000000
0.000000
0.000000
0.000000
0.000000
0.000000
0.000000
0.000855
0.000951
0.001046
0.001084
0.001033
0.000927
0.000832
0.000787
0.000794
0.000810
0.000771
0.000645
0.000480
0.000345
0.000270
0.000249
0.000270
0.000312
0.000342
0.000000
0.000000
0.000000
0.000000
0.000000
0.000000
0.000000
0.000000
0.000000
0.000000
0.000000
0.000687
0.000768
0.000893
0.001002
0.001029
0.000973
0.000901
0.000874
0.000903
0.000941
0.000897
0.000726
0.000504
0.000333
0.000243
0.000216
0.000236
0.000281
0.000317
0.000000
0.000000
0.000000
0.000000
0.000000
0.000000
0.000000
0.000000
0.000000
0.000000
0.000000
0.000522
0.000581
0.000719
0.000895
0.001024
0.001053
0.001022
0.001005
0.001034
0.001063
0.000993
0.000780
0.000519
0.000325
0.000224
0.000192
0.000204
0.000244
0.000277
0.000000
0.000000
0.000000
0.000000
0.000000
0.000000
0.000000
0.000000
0.000000
0.000000
0.000000
0.000411
0.000457
0.000599
0.000825
0.001052
0.001179
0.001193
0.001172
0.001168
0.001154
0.001046
0.000811
0.000538
0.000336
0.000227
0.000187
0.000191
0.000218
0.000244
0.000000
0.000000
0.000000
0.000000
0.000000
0.000000
0.000000
0.000000
0.000000
0.000000
0.000000
0.000367
0.000410
0.000559
0.000820
0.001125
0.001334
0.001383
0.001337
0.001276
0.001203
0.001065
0.000835
0.000576
0.000375
0.000259
0.000209
0.000201
0.000215
0.000228
0.000000
0.000000
0.000000
0.000000
0.000000
0.000000
0.000000
0.000000
0.000000
0.000000
0.000000
0.000384
0.000435
0.000595
0.000877
0.001216
0.001463
0.001524
0.001452
0.001343
0.001227
0.001077
0.000870
0.000639
0.000447
0.000323
0.000260
0.000238
0.000235
0.000230
0.000000
0.000000
0.000000
0.000000
0.000000
0.000000
0.000000
0.000000
0.000000
0.000000
0.000000
0.000456
0.000521
0.000686
0.000956
0.001265
0.001492
0.001561
0.001506
0.001403
0.001285
0.001138
0.000946
0.000732
0.000544
0.000412
0.000335
0.000295
0.000271
0.000246
0.000000
0.000000
0.000000
0.000000
0.000000
0.000000
0.000000
0.000000
0.000000
0.000000
0.000000
0.000563
0.000642
0.000788
0.000994
0.001217
0.001399
0.001509
0.001552
0.001545
0.001480
0.001339
0.001122
0.000876
0.000660
0.000507
0.000413
0.000357
0.000315
0.000270
0.000000
0.000000
0.000000
0.000000
0.000000
0.000000
0.000000
0.000000
0.000000
0.000000
0.000000
0.000658
0.000735
0.000832
0.000946
0.001079
0.001243
0.001450
0.001693
0.001916
0.002006
0.001868
0.001528
0.001131
0.000808
0.000598
0.000478
0.000409
0.000357
0.000300
0.000000
0.000000
0.000000
0.000000
0.000000
0.000000
0.000000
0.000000
0.000000
0.000000
0.000000
0.000677
0.000735
0.000780
0.000827
0.000919
0.001111
0.001473
0.002054
0.002773
0.003285
0.003176
0.002477
0.001652
0.001049
0.000707
0.000538
0.000456
0.000400
0.000337
0.000000
0.000000
0.000000
0.000000
0.000000
0.000000
0.000000
0.000000
0.000000
0.000000
0.000000
0.000598
0.000637
0.000662
0.000699
0.000801
0.001060
0.001635
0.002768
0.004531
0.006183
0.006303
0.004699
0.002779
0.001519
0.000899
0.000631
0.000520
0.000459
0.000388
0.000000
0.000000
0.000000
0.000000
0.000000
0.000000
0.000000
0.000000
0.000000
0.000000
0.000000
0.000463
0.000497
0.000537
0.000604
0.000751
0.001101
0.001940
0.003854
0.007458
0.011696
0.012853
0.009494
0.005137
0.002452
0.001266
0.000804
0.000630
0.000547
0.000461
0.000000
0.000000
0.000000
0.000000
0.000000
0.000000
0.000000
0.000000
0.000000
0.000000
0.000000
0.000330
0.000369
0.000438
0.000552
0.000759
0.001202
0.002265
0.004880
0.010498
0.018496
0.022426
0.017419
0.009263
0.004088
0.001896
0.001089
0.000794
0.000662
0.000546
0.000000
0.000000
0.000000
0.000000
0.000000
0.000000
0.000000
0.000000
0.000000
0.000000
0.000000
0.000228
0.000271
0.000366
0.000526
0.000789
0.001273
0.002339
0.004931
0.010861
0.020744
0.028212
0.024474
0.013926
0.006162
0.002707
0.001433
0.000967
0.000763
0.000611
0.000000
0.000000
0.000000
0.000000
0.000000
0.000000
0.000000
0.000000
0.000000
0.000000
0.000000
0.000158
0.000201
0.000308
0.000499
0.000783
0.001203
0.001971
0.003694
0.007688
0.015248
0.023328
0.023557
0.015357
0.007356
0.003258
0.001648
0.001041
0.000781
0.000616
0.000000
0.000000
0.000000
0.000000
0.000000
0.000000
0.000000
0.000000
0.000000
0.000000
0.000000
0.000113
0.000153
0.000256
0.000446
0.000697
0.000972
0.001346
0.002115
0.003919
0.007695
0.012970
0.015403
0.011928
0.006529
0.003086
0.001560
0.000951
0.000693
0.000552
0.000000
0.000000
0.000000
0.000000
0.000000
0.000000
0.000000
0.000000
0.000000
0.000000
0.000000
0.000087
0.000120
0.000209
0.000368
0.000553
0.000690
0.000810
0.001063
0.001712
0.003183
0.005633
0.007631
0.006998
0.004484
0.002360
0.001249
0.000765
0.000559
0.000461
0.000000
0.000000
0.000000
0.000000
0.000000
0.000000
0.000000
0.000000
0.000000
0.000000
0.000000
0.000075
0.000102
0.000171
0.000290
0.000410
0.000472
0.000495
0.000570
0.000809
0.001381
0.002407
0.003483
0.003630
0.002706
0.001627
0.000941
0.000603
0.000452
0.000389
0.000000
0.000000
0.000000
0.000000
0.000000
0.000000
0.000000
0.000000
0.000000
0.000000
0.000000
0.000075
0.000097
0.000150
0.000233
0.000311
0.000346
0.000353
0.000385
0.000500
0.000770
0.001244
0.001779
0.001979
0.001670
0.001156
0.000752
0.000519
0.000406
0.000358
0.000000
0.000000
0.000000
0.000000
0.000000
0.000000
0.000000
0.000000
0.000000
0.000000
0.000000
0.000000
0.000000
0.000000
0.000000
0.000000
0.000000
0.000000
0.000000
0.000000
0.000000
0.000000
0.000000
0.000000
0.000000
0.000000
0.000000
0.000000
0.000000
0.000000
0.000000
0.000000
0.000000
0.000000
0.000000
0.000000
0.000000
0.000000
0.000000
0.000000
0.000000
0.000000
0.000000
0.000000
0.000000
0.000000
0.000000
0.000000
0.000000
0.000000
0.000000
0.000000
0.000000
0.000000
0.000000
0.000000
0.000000
0.000000
0.000000
0.000000
0.000000
0.000000
0.000000
0.000000
0.000000
0.000000
0.000000
0.000000
0.000000
0.000000
0.000000
0.000000
0.000000
0.000000
0.000000
0.000000
0.000000
0.000000
0.000000
0.000000
0.000000
0.000000
0.000000
0.000000
0.000000
0.000000
0.000000
0.000000
0.000000
0.000000
0.000000
0.000000
0.000000
0.000000
0.000000
0.000000
0.000000
0.000000
0.000000
0.000000
0.000000
0.000000
0.000000
0.000000
0.000000
0.000000
0.000000
0.000000
0.000000
0.000000
0.000000
0.000000
0.000000
0.000000
0.000000
0.000000
0.000000
0.000000
0.000000
0.000000
0.000000
0.000000
0.000000
0.000000
0.000000
0.000000
0.000000
0.000000
0.000000
0.000000
0.000000
0.000000
0.000000
0.000000
0.000000
0.000000
0.000000
0.000000
0.000000
0.000000
0.000000
0.000000
0.000000
0.000000
0.000000
0.000000
0.000000
0.000000
0.000000
0.000000
0.000000
0.000000
0.000000
0.000000
0.000000
0.000000
0.000000
0.000000
0.000000
0.000000
0.000000
0.000000
0.000000
0.000000
0.000000
0.000000
0.000000
0.000000
0.000000
0.000000
0.000000
0.000000
0.000000
0.000000
0.000000
0.000000
0.000000
0.000000
0.000000
0.000000
0.000000
0.000000
0.000000
0.000000
0.000000
0.000000
0.000000
0.000000
0.000000
0.000000
0.000000
0.000000
0.000000
0.000000
0.000000
0.000000
0.000000
0.000000
0.000000
0.000000
0.000000
0.000000
0.000000
0.000000
0.000000
0.000000
0.000000
0.000000
0.000000
0.000000
0.000000
0.000000
0.000000
0.000000
0.000000
0.000000
0.000000
0.000000
0.000000
0.000000
0.000000
0.000000
0.000000
0.000000
0.000000
0.000000
0.000000
0.000000
0.000000
0.000000
0.000000
0.000000
0.000000
0.000000
0.000000
0.000000
0.000000
0.000000
0.000000
0.000000
0.000000
0.000000
0.000000
0.000000
0.000000
0.000000
0.000000
0.000000
0.000000
0.000000
0.000000
0.000000
0.000000
0.000000
0.000000
0.000000
0.000000
0.000000
0.000000
0.000000
0.000000
0.000000
0.000000
0.000000
0.000000
0.000000
0.000000
0.000000
0.000000
0.000000
0.000000
0.000000
0.000000
0.000000
0.000000
0.000000
0.000000
0.000000
0.000000
0.000000
0.000000
0.000000
0.000000
0.000000
0.000000
0.000000
0.000000
0.000000
0.000000
0.000000
0.000000
0.000000
0.000000
0.000000
0.000000
0.000000
0.000000
0.000000
0.000000
0.000000
0.000000
0.000000
0.000000
0.000000
0.000000
0.000000
0.000000
0.000000
0.000000
0.000000
0.000000
0.000000
0.000000
0.000000
0.000000
0.000000
0.000000
0.000000
0.000000
0.000000
0.000000
0.000000
0.000000
0.000000
0.000000
0.000000
0.000000
0.000000
0.000000
0.000000
0.000000
0.000000
0.000000
0.000000
0.000000
0.000000
0.000000
0.000000
0.000000
0.000000
0.000000
0.000730
0.000839
0.000985
0.001092
0.001073
0.000932
0.000761
0.000637
0.000580
0.000576
0.000584
0.000560
0.000484
0.000383
0.000297
0.000244
0.000223
0.000223
0.000230
0.000000
0.000000
0.000000
0.000000
0.000000
0.000000
0.000000
0.000000
0.000000
0.000000
0.000000
0.000613
0.000726
0.000920
0.001110
0.001152
0.001007
0.000796
0.000637
0.000566
0.000561
0.000578
0.000556
0.000467
0.000347
0.000248
0.000191
0.000168
0.000169
0.000181
0.000000
0.000000
0.000000
0.000000
0.000000
0.000000
0.000000
0.000000
0.000000
0.000000
0.000000
0.000511
0.000620
0.000847
0.001119
0.001245
0.001113
0.000859
0.000654
0.000554
0.000534
0.000544
0.000521
0.000429
0.000304
0.000204
0.000146
0.000123
0.000123
0.000138
0.000000
0.000000
0.000000
0.000000
0.000000
0.000000
0.000000
0.000000
0.000000
0.000000
0.000000
0.000450
0.000561
0.000814
0.001160
0.001371
0.001255
0.000949
0.000689
0.000552
0.000511
0.000514
0.000494
0.000410
0.000289
0.000187
0.000128
0.000103
0.000100
0.000112
0.000000
0.000000
0.000000
0.000000
0.000000
0.000000
0.000000
0.000000
0.000000
0.000000
0.000000
0.000441
0.000563
0.000845
0.001249
0.001517
0.001397
0.001039
0.000728
0.000560
0.000506
0.000510
0.000506
0.000440
0.000322
0.000212
0.000141
0.000107
0.000099
0.000107
0.000000
0.000000
0.000000
0.000000
0.000000
0.000000
0.000000
0.000000
0.000000
0.000000
0.000000
0.000481
0.000623
0.000930
0.001349
0.001604
0.001456
0.001073
0.000746
0.000573
0.000522
0.000543
0.000569
0.000532
0.000419
0.000289
0.000194
0.000142
0.000122
0.000122
0.000000
0.000000
0.000000
0.000000
0.000000
0.000000
0.000000
0.000000
0.000000
0.000000
0.000000
0.000556
0.000718
0.001017
0.001368
0.001528
0.001349
0.001005
0.000727
0.000586
0.000561
0.000612
0.000680
0.000682
0.000578
0.000425
0.000295
0.000213
0.000172
0.000157
0.000000
0.000000
0.000000
0.000000
0.000000
0.000000
0.000000
0.000000
0.000000
0.000000
0.000000
0.000630
0.000789
0.001020
0.001226
0.001259
0.001089
0.000850
0.000674
0.000602
0.000625
0.000719
0.000823
0.000847
0.000747
0.000575
0.000417
0.000308
0.000244
0.000208
0.000000
0.000000
0.000000
0.000000
0.000000
0.000000
0.000000
0.000000
0.000000
0.000000
0.000000
0.000648
0.000768
0.000889
0.000948
0.000904
0.000787
0.000674
0.000617
0.000636
0.000731
0.000871
0.000980
0.000969
0.000832
0.000646
0.000488
0.000379
0.000309
0.000260
0.000000
0.000000
0.000000
0.000000
0.000000
0.000000
0.000000
0.000000
0.000000
0.000000
0.000000
0.000581
0.000642
0.000672
0.000653
0.000599
0.000547
0.000533
0.000582
0.000710
0.000907
0.001099
0.001158
0.001032
0.000806
0.000601
0.000463
0.000384
0.000335
0.000294
0.000000
0.000000
0.000000
0.000000
0.000000
0.000000
0.000000
0.000000
0.000000
0.000000
0.000000
0.000457
0.000473
0.000464
0.000433
0.000400
0.000395
0.000445
0.000582
0.000840
0.001188
0.001448
0.001403
0.001088
0.000743
0.000510
0.000391
0.000343
0.000327
0.000308
0.000000
0.000000
0.000000
0.000000
0.000000
0.000000
0.000000
0.000000
0.000000
0.000000
0.000000
0.000329
0.000329
0.000318
0.000301
0.000292
0.000314
0.000401
0.000609
0.001010
0.001570
0.001949
0.001772
0.001218
0.000728
0.000454
0.000337
0.000305
0.000311
0.000314
0.000000
0.000000
0.000000
0.000000
0.000000
0.000000
0.000000
0.000000
0.000000
0.000000
0.000000
0.000231
0.000231
0.000233
0.000235
0.000243
0.000278
0.000380
0.000628
0.001143
0.001932
0.002518
0.002278
0.001480
0.000813
0.000468
0.000331
0.000298
0.000311
0.000326
0.000000
0.000000
0.000000
0.000000
0.000000
0.000000
0.000000
0.000000
0.000000
0.000000
0.000000
0.000168
0.000174
0.000190
0.000207
0.000226
0.000264
0.000358
0.000593
0.001118
0.002025
0.002871
0.002788
0.001874
0.001020
0.000564
0.000381
0.000330
0.000337
0.000350
0.000000
0.000000
0.000000
0.000000
0.000000
0.000000
0.000000
0.000000
0.000000
0.000000
0.000000
0.000129
0.000142
0.000170
0.000200
0.000225
0.000252
0.000318
0.000489
0.000901
0.001710
0.002698
0.002994
0.002265
0.001324
0.000743
0.000485
0.000397
0.000382
0.000381
0.000000
0.000000
0.000000
0.000000
0.000000
0.000000
0.000000
0.000000
0.000000
0.000000
0.000000
0.000107
0.000125
0.000161
0.000200
0.000224
0.000234
0.000262
0.000358
0.000615
0.001184
0.002069
0.002689
0.002404
0.001600
0.000956
0.000620
0.000481
0.000433
0.000410
0.000000
0.000000
0.000000
0.000000
0.000000
0.000000
0.000000
0.000000
0.000000
0.000000
0.000000
0.000094
0.000115
0.000154
0.000197
0.000215
0.000209
0.000208
0.000251
0.000394
0.000742
0.001379
0.002047
0.002162
0.001674
0.001101
0.000733
0.000551
0.000470
0.000426
0.000000
0.000000
0.000000
0.000000
0.000000
0.000000
0.000000
0.000000
0.000000
0.000000
0.000000
0.000089
0.000109
0.000147
0.000186
0.000200
0.000186
0.000173
0.000191
0.000274
0.000484
0.000896
0.001420
0.001689
0.001498
0.001099
0.000774
0.000583
0.000484
0.000429
0.000000
0.000000
0.000000
0.000000
0.000000
0.000000
0.000000
0.000000
0.000000
0.000000
0.000000
0.000091
0.000109
0.000141
0.000172
0.000184
0.000174
0.000163
0.000174
0.000230
0.000370
0.000634
0.000985
0.001229
0.001199
0.000977
0.000743
0.000580
0.000483
0.000426
0.000000
0.000000
0.000000
0.000000
0.000000
0.000000
0.000000
0.000000
0.000000
0.000000
0.000000
0.000000
0.000000
0.000000
0.000000
0.000000
0.000000
0.000000
0.000000
0.000000
0.000000
0.000000
0.000000
0.000000
0.000000
0.000000
0.000000
0.000000
0.000000
0.000000
0.000000
0.000000
0.000000
0.000000
0.000000
0.000000
0.000000
0.000000
0.000000
0.000000
0.000000
0.000000
0.000000
0.000000
0.000000
0.000000
0.000000
0.000000
0.000000
0.000000
0.000000
0.000000
0.000000
0.000000
0.000000
0.000000
0.000000
0.000000
0.000000
0.000000
0.000000
0.000000
0.000000
0.000000
0.000000
0.000000
0.000000
0.000000
0.000000
0.000000
0.000000
0.000000
0.000000
0.000000
0.000000
0.000000
0.000000
0.000000
0.000000
0.000000
0.000000
0.000000
0.000000
0.000000
0.000000
0.000000
0.000000
0.000000
0.000000
0.000000
0.000000
0.000000
0.000000
0.000000
0.000000
0.000000
0.000000
0.000000
0.000000
0.000000
0.000000
0.000000
0.000000
0.000000
0.000000
0.000000
0.000000
0.000000
0.000000
0.000000
0.000000
0.000000
0.000000
0.000000
0.000000
0.000000
0.000000
0.000000
0.000000
0.000000
0.000000
0.000000
0.000000
0.000000
0.000000
0.000000
0.000000
0.000000
0.000000
0.000000
0.000000
0.000000
0.000000
0.000000
0.000000
0.000000
0.000000
0.000000
0.000000
0.000000
0.000000
0.000000
0.000000
0.000000
0.000000
0.000000
0.000000
0.000000
0.000000
0.000000
0.000000
0.000000
0.000000
0.000000
0.000000
0.000000
0.000000
0.000000
0.000000
0.000000
0.000000
0.000000
0.000000
0.000000
0.000000
0.000000
0.000000
0.000000
0.000000
0.000000
0.000000
0.000000
0.000000
0.000000
0.000000
0.000000
0.000000
0.000000
0.000000
0.000000
0.000000
0.000000
0.000000
0.000000
0.000000
0.000000
0.000000
0.000000
0.000000
0.000000
0.000000
0.000000
0.000000
0.000000
0.000000
0.000000
0.000000
0.000000
0.000000
0.000000
0.000000
0.000000
0.000000
0.000000
0.000000
0.000000
0.000000
0.000000
0.000000
0.000000
0.000000
0.000000
0.000000
0.000000
0.000000
0.000000
0.000000
0.000000
0.000000
0.000000
0.000000
0.000000
0.000000
0.000000
0.000000
0.000000
0.000000
0.000000
0.000000
0.000000
0.000000
0.000000
0.000000
0.000000
0.000000
0.000000
0.000000
0.000000
0.000000
0.000000
0.000000
0.000000
0.000000
0.000000
0.000000
0.000000
0.000000
0.000000
0.000000
0.000000
0.000000
0.000000
0.000000
0.000000
0.000000
0.000000
0.000000
0.000000
0.000000
0.000000
0.000000
0.000000
0.000000
0.000000
0.000000
0.000000
0.000000
0.000000
0.000000
0.000000
0.000000
0.000000
0.000000
0.000000
0.000000
0.000000
0.000000
0.000000
0.000000
0.000000
0.000000
0.000000
0.000000
0.000000
0.000000
0.000000
0.000000
0.000000
0.000000
0.000000
0.000000
0.000000
0.000000
0.000000
0.000000
0.000000
0.000000
0.000000
0.000000
0.000000
0.000000
0.000000
0.000000
0.000000
0.000000
0.000000
0.000000
0.000000
0.000000
0.000000
0.000000
0.000000
0.000000
0.000000
0.000000
0.000000
0.000000
0.000000
0.000000
0.000000
0.000000
0.000000
0.000000
0.000000
0.000000
0.000000
0.000000
0.000000
0.000000
0.000000
0.000000
0.000000
0.000000
0.000000
0.000000
0.000000
0.000000
0.000000
0.000000
0.000000
0.000000
0.000815
0.000963
0.001126
0.001208
0.001120
0.000897
0.000660
0.000491
0.000400
0.000368
0.000368
0.000370
0.000351
0.000306
0.000252
0.000206
0.000179
0.000168
0.000169
0.000000
0.000000
0.000000
0.000000
0.000000
0.000000
0.000000
0.000000
0.000000
0.000000
0.000000
0.000776
0.000962
0.001203
0.001358
0.001268
0.000968
0.000653
0.000443
0.000339
0.000305
0.000308
0.000318
0.000303
0.000257
0.000200
0.000155
0.000129
0.000120
0.000126
0.000000
0.000000
0.000000
0.000000
0.000000
0.000000
0.000000
0.000000
0.000000
0.000000
0.000000
0.000734
0.000949
0.001258
0.001492
0.001409
0.001036
0.000647
0.000401
0.000285
0.000248
0.000250
0.000262
0.000252
0.000210
0.000157
0.000115
0.000092
0.000085
0.000093
0.000000
0.000000
0.000000
0.000000
0.000000
0.000000
0.000000
0.000000
0.000000
0.000000
0.000000
0.000715
0.000955
0.001318
0.001614
0.001530
0.001089
0.000638
0.000368
0.000246
0.000207
0.000210
0.000225
0.000222
0.000187
0.000137
0.000096
0.000074
0.000068
0.000075
0.000000
0.000000
0.000000
0.000000
0.000000
0.000000
0.000000
0.000000
0.000000
0.000000
0.000000
0.000729
0.000992
0.001389
0.001703
0.001590
0.001095
0.000614
0.000338
0.000220
0.000184
0.000191
0.000215
0.000224
0.000196
0.000146
0.000102
0.000076
0.000067
0.000072
0.000000
0.000000
0.000000
0.000000
0.000000
0.000000
0.000000
0.000000
0.000000
0.000000
0.000000
0.000768
0.001047
0.001433
0.001691
0.001517
0.001011
0.000557
0.000306
0.000202
0.000175
0.000191
0.000229
0.000257
0.000241
0.000188
0.000133
0.000097
0.000082
0.000083
0.000000
0.000000
0.000000
0.000000
0.000000
0.000000
0.000000
0.000000
0.000000
0.000000
0.000000
0.000804
0.001070
0.001379
0.001512
0.001277
0.000830
0.000464
0.000267
0.000188
0.000173
0.000203
0.000260
0.000313
0.000315
0.000262
0.000193
0.000142
0.000115
0.000109
0.000000
0.000000
0.000000
0.000000
0.000000
0.000000
0.000000
0.000000
0.000000
0.000000
0.000000
0.000797
0.001006
0.001184
0.001178
0.000932
0.000601
0.000354
0.000224
0.000175
0.000176
0.000219
0.000292
0.000363
0.000382
0.000336
0.000261
0.000199
0.000162
0.000145
0.000000
0.000000
0.000000
0.000000
0.000000
0.000000
0.000000
0.000000
0.000000
0.000000
0.000000
0.000719
0.000841
0.000892
0.000805
0.000605
0.000398
0.000257
0.000185
0.000164
0.000181
0.000233
0.000308
0.000374
0.000390
0.000352
0.000291
0.000237
0.000201
0.000181
0.000000
0.000000
0.000000
0.000000
0.000000
0.000000
0.000000
0.000000
0.000000
0.000000
0.000000
0.000584
0.000629
0.000607
0.000508
0.000373
0.000259
0.000188
0.000157
0.000159
0.000190
0.000245
0.000306
0.000341
0.000333
0.000297
0.000257
0.000228
0.000211
0.000201
0.000000
0.000000
0.000000
0.000000
0.000000
0.000000
0.000000
0.000000
0.000000
0.000000
0.000000
0.000438
0.000439
0.000397
0.000320
0.000238
0.000178
0.000146
0.000142
0.000163
0.000208
0.000263
0.000300
0.000296
0.000261
0.000222
0.000197
0.000190
0.000195
0.000203
0.000000
0.000000
0.000000
0.000000
0.000000
0.000000
0.000000
0.000000
0.000000
0.000000
0.000000
0.000318
0.000305
0.000270
0.000219
0.000170
0.000138
0.000127
0.000139
0.000177
0.000237
0.000295
0.000310
0.000272
0.000215
0.000172
0.000153
0.000156
0.000175
0.000198
0.000000
0.000000
0.000000
0.000000
0.000000
0.000000
0.000000
0.000000
0.000000
0.000000
0.000000
0.000235
0.000225
0.000203
0.000172
0.000142
0.000123
0.000122
0.000145
0.000198
0.000278
0.000348
0.000352
0.000288
0.000210
0.000158
0.000138
0.000144
0.000168
0.000200
0.000000
0.000000
0.000000
0.000000
0.000000
0.000000
0.000000
0.000000
0.000000
0.000000
0.000000
0.000185
0.000182
0.000174
0.000157
0.000137
0.000123
0.000125
0.000153
0.000218
0.000321
0.000419
0.000435
0.000356
0.000254
0.000184
0.000156
0.000159
0.000185
0.000219
0.000000
0.000000
0.000000
0.000000
0.000000
0.000000
0.000000
0.000000
0.000000
0.000000
0.000000
0.000157
0.000163
0.000167
0.000161
0.000145
0.000131
0.000131
0.000157
0.000226
0.000348
0.000491
0.000554
0.000486
0.000360
0.000263
0.000215
0.000209
0.000230
0.000258
0.000000
0.000000
0.000000
0.000000
0.000000
0.000000
0.000000
0.000000
0.000000
0.000000
0.000000
0.000143
0.000156
0.000172
0.000174
0.000160
0.000141
0.000135
0.000155
0.000219
0.000349
0.000533
0.000676
0.000666
0.000539
0.000407
0.000328
0.000301
0.000305
0.000316
0.000000
0.000000
0.000000
0.000000
0.000000
0.000000
0.000000
0.000000
0.000000
0.000000
0.000000
0.000135
0.000155
0.000178
0.000187
0.000173
0.000149
0.000136
0.000149
0.000203
0.000326
0.000531
0.000746
0.000831
0.000748
0.000601
0.000486
0.000425
0.000399
0.000382
0.000000
0.000000
0.000000
0.000000
0.000000
0.000000
0.000000
0.000000
0.000000
0.000000
0.000000
0.000132
0.000153
0.000178
0.000190
0.000178
0.000154
0.000138
0.000145
0.000191
0.000299
0.000492
0.000732
0.000892
0.000883
0.000761
0.000631
0.000539
0.000481
0.000436
0.000000
0.000000
0.000000
0.000000
0.000000
0.000000
0.000000
0.000000
0.000000
0.000000
0.000000
0.000130
0.000148
0.000170
0.000182
0.000175
0.000157
0.000144
0.000150
0.000190
0.000280
0.000441
0.000649
0.000819
0.000864
0.000796
0.000688
0.000593
0.000521
0.000463
0.000000
0.000000
0.000000
0.000000
0.000000
0.000000
0.000000
0.000000
0.000000
0.000000
0.000000
0.000000
0.000000
0.000000
0.000000
0.000000
0.000000
0.000000
0.000000
0.000000
0.000000
0.000000
0.000000
0.000000
0.000000
0.000000
0.000000
0.000000
0.000000
0.000000
0.000000
0.000000
0.000000
0.000000
0.000000
0.000000
0.000000
0.000000
0.000000
0.000000
0.000000
0.000000
0.000000
0.000000
0.000000
0.000000
0.000000
0.000000
0.000000
0.000000
0.000000
0.000000
0.000000
0.000000
0.000000
0.000000
0.000000
0.000000
0.000000
0.000000
0.000000
0.000000
0.000000
0.000000
0.000000
0.000000
0.000000
0.000000
0.000000
0.000000
0.000000
0.000000
0.000000
0.000000
0.000000
0.000000
0.000000
0.000000
0.000000
0.000000
0.000000
0.000000
0.000000
0.000000
0.000000
0.000000
0.000000
0.000000
0.000000
0.000000
0.000000
0.000000
0.000000
0.000000
0.000000
0.000000
0.000000
0.000000
0.000000
0.000000
0.000000
0.000000
0.000000
0.000000
0.000000
0.000000
0.000000
0.000000
0.000000
0.000000
0.000000
0.000000
0.000000
0.000000
0.000000
0.000000
0.000000
0.000000
0.000000
0.000000
0.000000
0.000000
0.000000
0.000000
0.000000
0.000000
0.000000
0.000000
0.000000
0.000000
0.000000
0.000000
0.000000
0.000000
0.000000
0.000000
0.000000
0.000000
0.000000
0.000000
0.000000
0.000000
0.000000
0.000000
0.000000
0.000000
0.000000
0.000000
0.000000
0.000000
0.000000
0.000000
0.000000
0.000000
0.000000
0.000000
0.000000
0.000000
0.000000
0.000000
0.000000
0.000000
0.000000
0.000000
0.000000
0.000000
0.000000
0.000000
0.000000
0.000000
0.000000
0.000000
0.000000
0.000000
0.000000
0.000000
0.000000
0.000000
0.000000
0.000000
0.000000
0.000000
0.000000
0.000000
0.000000
0.000000
