25.813711
24.324827
24.157323
24.103651
24.066749
24.030835
23.997788
23.967849
23.951852
23.766064
23.766142
23.767217
23.766063
23.765244
23.756796
23.739194
23.723074
23.709912
23.702842
23.380896
23.380723
23.384320
23.390308
23.391414
23.390444
23.389570
23.388391
23.387583
23.386701
23.747308
23.743800
23.738645
23.732649
23.726106
23.719907
23.714133
23.709534
23.705501
23.702608
23.611010
23.607759
23.603068
23.597035
23.591527
23.588202
23.586411
23.584514
23.582547
23.581380
23.435074
23.435609
23.436439
23.437501
23.438231
23.438228
23.438286
23.438001
23.437539
23.437446
23.520157
23.519981
23.519750
23.519191
23.518808
23.518361
23.517734
23.516785
23.515643
23.514824
23.491328
23.492391
23.493910
23.494876
23.495657
23.495998
23.495499
23.494441
23.493280
23.492198
23.392302
23.394296
23.396674
23.398279
23.399439
23.400167
23.400695
23.400826
23.400615
23.400542
23.747157
23.746066
23.743615
23.741228
23.740539
23.738111
23.734671
23.728758
23.721450
23.717001
23.641544
23.642523
23.644058
23.644486
23.644152
23.641534
23.633950
23.625505
23.617749
23.613437
23.386429
23.387168
23.392427
23.401555
23.404970
23.405677
23.405574
23.404815
23.404050
23.403091
25.239534
24.277126
24.057580
23.969121
23.925144
23.898295
23.878615
23.863144
23.852890
23.696649
23.693014
23.687975
23.682055
23.677255
23.674578
23.673200
23.671578
23.669641
23.668416
23.502545
23.503535
23.505028
23.506625
23.507629
23.507668
23.507778
23.507481
23.507020
23.506883
23.699209
23.697781
23.696271
23.694680
23.693371
23.691964
23.690393
23.688493
23.686487
23.685113
23.617971
23.619046
23.620389
23.621077
23.621366
23.621304
23.620479
23.619244
23.617887
23.616627
23.478949
23.480831
23.483036
23.484511
23.485545
23.486251
23.486825
23.487057
23.486984
23.487015
23.520125
23.520354
23.520128
23.519624
23.519533
23.517810
23.515489
23.511480
23.506549
23.503553
23.496817
23.497881
23.499264
23.500141
23.500041
23.499888
23.496997
23.492549
23.487821
23.485066
23.336611
23.337936
23.344070
23.354903
23.359745
23.361575
23.362005
23.361560
23.360847
23.359873
23.699047
23.700416
23.702277
23.703991
23.705743
23.707478
23.709353
23.710262
23.710785
23.710979
23.632437
23.632267
23.632108
23.631825
23.631626
23.631597
23.631634
23.631529
23.631052
23.630788
23.493877
23.495295
23.497394
23.499423
23.500614
23.500706
23.500861
23.500604
23.500231
23.500075
27.911765
24.534593
24.170008
24.055263
24.001165
23.968575
23.947353
23.931112
23.921396
23.717935
23.718179
23.717496
23.716175
23.713697
23.711603
23.709756
23.708483
23.707130
23.705935
23.501323
23.502798
23.504437
23.505508
23.506190
23.506774
23.507380
23.507798
23.508020
23.508263
23.761004
23.763552
23.767606
23.770525
23.770180
23.765545
23.758115
23.749054
23.739958
23.734746
24.157363
24.221859
24.350255
24.458030
25.555446
24.795127
24.369636
24.143519
24.074190
23.571463
23.569840
23.571730
23.574159
23.571695
23.567555
23.565022
23.562567
23.561126
23.559904
23.643088
23.642073
23.640658
23.639279
23.637705
23.635775
23.633251
23.630579
23.627942
23.626016
23.665795
23.663057
23.658881
23.653278
23.647908
23.644417
23.642534
23.640661
23.638879
23.637844
23.532706
23.532574
23.532428
23.532722
23.533062
23.532995
23.532973
23.532695
23.532211
23.532186
23.500125
23.500385
23.500602
23.500428
23.500391
23.500272
23.499940
23.499241
23.498273
23.497506
23.517645
23.518664
23.520310
23.521514
23.522753
23.523460
23.523251
23.522334
23.521335
23.520406
23.460156
23.462419
23.465171
23.467042
23.468435
23.469236
23.469738
23.469751
23.469352
23.469144
23.495849
23.496460
23.496910
23.496947
23.496891
23.494839
23.492005
23.487541
23.482287
23.479139
23.518859
23.519926
23.521154
23.522289
23.522326
23.523649
23.523522
23.521368
23.518322
23.516411
23.424101
23.425955
23.433050
23.445711
23.451916
23.454736
23.455612
23.455392
23.454676
23.453638
23.621315
23.622906
23.625336
23.628315
23.631580
23.634357
23.636397
23.637014
23.637111
23.637034
23.692551
23.694278
23.696812
23.699965
23.702905
23.704757
23.705746
23.706660
23.707111
23.707357
23.623530
23.625432
23.628213
23.630731
23.632125
23.632275
23.632479
23.632266
23.631995
23.631820
23.712585
23.714244
23.715873
23.716964
23.717992
23.718823
23.719367
23.719446
23.719078
23.718455
23.963017
24.002618
24.091441
24.175685
25.112237
24.108117
23.996433
23.945953
23.919143
23.667630
23.668858
23.670078
23.670804
23.671112
23.671573
23.672212
23.672783
23.673242
23.673668
23.380638
23.381880
23.383655
23.384828
23.384702
23.382148
23.378318
23.373310
23.368025
23.364965
23.582354
23.577717
23.571248
23.569593
23.569576
23.572592
23.577985
23.582160
23.584558
23.585334
31.116286
25.942254
24.787984
24.341116
24.181546
24.113072
24.065639
24.026514
24.005151
23.386284
23.386566
23.387097
23.387995
23.388965
23.389475
23.389254
23.388212
23.386923
23.385920
23.493903
23.494319
23.494837
23.495752
23.496618
23.497082
23.497309
23.497668
23.498379
23.498779
23.655102
23.648320
23.638778
23.630811
23.626642
23.625702
23.625036
23.624793
23.624382
23.624259
23.336485
23.337174
23.337834
23.338083
23.338409
23.338640
23.338655
23.338305
23.337643
23.337019
23.418174
23.418909
23.420384
23.421706
23.423429
23.424607
23.425047
23.424752
23.424442
23.424150
23.475579
23.478324
23.481808
23.484220
23.486110
23.486996
23.487338
23.486990
23.486094
23.485513
23.438179
23.439124
23.440219
23.440793
23.440732
23.438397
23.435067
23.430255
23.424849
23.421655
23.528035
23.528821
23.529385
23.530711
23.531017
23.534769
23.539829
23.542392
23.543088
23.543118
23.626084
23.629611
23.639575
23.657752
23.668238
23.674218
23.676485
23.676870
23.675963
23.674613
23.507606
23.508552
23.510086
23.512175
23.514469
23.516203
23.517063
23.516684
23.515894
23.515216
23.654115
23.656769
23.660562
23.665558
23.670136
23.672864
23.674263
23.675776
23.677458
23.678362
23.943019
23.970423
24.024427
24.168501
24.499269
24.058779
23.990208
23.958695
23.939540
23.500609
23.501589
23.502545
23.503040
23.503588
23.504026
23.504224
23.504024
23.503461
23.502852
23.625513
23.626173
23.627706
23.629232
23.631405
23.632970
23.633832
23.633878
23.633945
23.634001
23.752930
23.756603
23.761290
23.764542
23.767116
23.768244
23.768579
23.767954
23.766573
23.765651
23.399802
23.400619
23.401481
23.401867
23.401812
23.399619
23.396524
23.391927
23.386680
23.383567
23.464198
23.465082
23.465898
23.467137
23.467335
23.470129
23.473168
23.473924
23.473207
23.472509
23.486556
23.489279
23.497598
23.512666
23.520999
23.525511
23.527171
23.527353
23.526612
23.525490
23.485890
23.487024
23.488819
23.491172
23.493754
23.495801
23.497018
23.496948
23.496439
23.495953
23.613399
23.615952
23.619642
23.624470
23.628981
23.631701
23.633126
23.634613
23.636096
23.636911
23.755697
23.758748
23.763006
23.766178
23.767526
23.767825
23.768030
23.768170
23.768482
23.768232
23.506465
23.507587
23.508688
23.509339
23.510012
23.510571
23.510900
23.510844
23.510425
23.509888
23.667872
23.667796
23.668233
23.669072
23.670737
23.672107
23.673419
23.674421
23.675522
23.676530
24.006672
24.040076
24.098001
24.203627
24.863882
24.135640
24.036911
23.996252
23.975580