5.57685500000000
4.26861025000000
2.95311500000000
2.38936475000000
2.44876450000000
3.33768375000000
4.88437975000000
8.07889275000000
14.6473705000000
20.7274510000000
1.98918000000000
1.56794100000000
0.986915750000000
0.814902750000000
0.873282000000000
1.56877350000000
2.90137725000000
4.54723350000000
5.55189900000000
5.46845475000000
0.00248850000000000
0.00754200000000000
0.0237197500000000
0.0499492500000000
0.0818565000000000
0.164574000000000
0.381842750000000
0.765785250000000
1.64725100000000
20.3645227500000
13.9045612500000
7.71153850000000
4.83865125000000
4.35891275000000
4.19361275000000
4.54761525000000
6.02963450000000
12.2331172500000
19.3568635000000
63.1395552500000
29.2432992500000
10.1617835000000
3.89706400000000
2.56730000000000
2.01211700000000
1.98190125000000
3.05070225000000
4.86975575000000
6.31946325000000
9.10245325000000
8.80164200000000
4.13006575000000
1.71850925000000
0.911326500000000
0.484714000000000
0.457672750000000
0.705990500000000
1.10954175000000
1.82192575000000
28.5217285000000
17.9474562500000
10.4999317500000
6.19630150000000
5.07020775000000
4.68680900000000
5.37779500000000
7.23711175000000
9.96886200000000
11.8189350000000
41.1181545000000
20.4878900000000
7.20655425000000
4.05000800000000
2.83947200000000
2.42583225000000
2.36393525000000
2.72571025000000
3.49562975000000
4.39212500000000
31.1902377500000
14.9054480000000
6.65011700000000
2.64446325000000
1.76077750000000
1.42494950000000
1.54286175000000
2.10347000000000
3.62983000000000
5.26664225000000
16.1056000000000
12.0519237500000
7.17532350000000
4.53470575000000
3.83773525000000
4.29777050000000
5.19943250000000
6.89077500000000
11.8055672500000
17.3420555000000
13.6165940000000
8.41521175000000
3.80488700000000
2.56439175000000
2.48516125000000
3.28735525000000
4.97097425000000
7.43755250000000
9.19016475000000
9.59356550000000
9.12491600000000
4.48067825000000
2.10118825000000
1.28630050000000
0.764996000000000
0.626564500000000
0.673663000000000
1.11029075000000
1.90615425000000
3.20210250000000
13.0960257500000
7.35963550000000
3.71903325000000
2.42117825000000
2.23086525000000
2.12337475000000
2.29724225000000
3.22449100000000
6.51688575000000
10.2718042500000
42.4629215000000
19.6605675000000
5.34016175000000
1.91212475000000
1.26699650000000
0.983259250000000
0.902677750000000
1.34327300000000
1.98132550000000
2.45541375000000
5.80581425000000
1.37401775000000
0.346575000000000
0.0489237500000000
0.0163080000000000
0.00741475000000000
0.0462680000000000
0.107870500000000
0.343726250000000
14.7543730000000
8.65069325000000
4.83399950000000
2.81331100000000
2.40149100000000
2.32469100000000
2.79004750000000
3.89836900000000
5.56526125000000
6.59164550000000
24.8771900000000
12.4177972500000
3.87776100000000
1.83105675000000
1.18271425000000
0.973361750000000
0.971287750000000
1.26706075000000
1.77692075000000
2.31085375000000
17.8220550000000
8.02423650000000
3.39111950000000
1.06363050000000
0.642138000000000
0.497213000000000
0.558591500000000
0.852473250000000
1.71879325000000
2.75582025000000
17.9555952500000
13.6064950000000
8.02479400000000
5.22754600000000
4.27662275000000
4.66404400000000
5.41960925000000
6.95595850000000
12.0038735000000
17.8969505000000
21.3506780000000
13.5834462500000
6.26879400000000
4.25134275000000
3.95004175000000
4.79038750000000
6.77237975000000
9.93037425000000
12.2921330000000
13.1577152500000
16.3599570000000
7.83637800000000
3.70634700000000
2.48188375000000
1.69250075000000
1.47667550000000
1.58173325000000
2.28769925000000
3.47227225000000
5.24438750000000
10.4316387500000
5.92041800000000
3.26133075000000
2.33564350000000
2.22169675000000
2.18027425000000
2.42278075000000
3.48591400000000
6.80300650000000
10.4284697500000
49.7975327500000
23.3104217500000
7.11706700000000
2.91993525000000
1.99258325000000
1.53516650000000
1.35404175000000
1.95721275000000
2.93063350000000
3.55798925000000
22.5434085000000
11.3539680000000
3.98429975000000
1.45732750000000
0.755371500000000
0.384120750000000
0.357847250000000
0.550512750000000
0.839898000000000
1.43231725000000
12.6331060000000
7.01872775000000
3.92117375000000
2.33961025000000
2.08556700000000
2.08805850000000
2.54921950000000
3.57549075000000
5.18889150000000
6.14266350000000
14.7050595000000
8.23406900000000
2.49906225000000
1.19060450000000
0.709625000000000
0.582983000000000
0.628910750000000
0.874267500000000
1.27729675000000
1.57667450000000
2.56593525000000
0.761302250000000
0.185885750000000
0.0174637500000000
0.00302775000000000
0.0116417500000000
0.0502017500000000
0.181981250000000
0.678498500000000
6.93089375000000
5.57100275000000
3.88815075000000
3.08778025000000
2.87752925000000
3.19077650000000
3.71502350000000
4.76600125000000
9.07821950000000
14.6588937500000
33.7086560000000
22.6676107500000
8.30702150000000
4.56399100000000
3.63896975000000
4.10602875000000
5.96516800000000
9.65292925000000
12.7608815000000
13.7671692500000
25.6079190000000
13.9146515000000
7.28962225000000
5.41204200000000
3.98748950000000
3.36041575000000
3.39836225000000
4.42183000000000
6.10736625000000
8.63112825000000
3.89016050000000
2.51283375000000
1.59242325000000
1.26662725000000
1.22385900000000
1.20091250000000
1.31703225000000
2.00967000000000
4.43748625000000
7.13935750000000
63.6624325000000
24.1177380000000
6.74009200000000
1.86137600000000
0.990137250000000
0.672733250000000
0.659023250000000
1.26680725000000
2.12497600000000
2.61283475000000
41.1145762500000
23.6140857500000
9.81405875000000
3.96035225000000
2.13486975000000
1.12196200000000
0.977978000000000
1.33422975000000
1.82996375000000
2.24524975000000
5.15134400000000
2.52763725000000
1.23003700000000
0.673836500000000
0.596471250000000
0.585632250000000
0.737841250000000
1.17398575000000
2.20951250000000
2.88144125000000
2.57311950000000
0.673690500000000
0.121266750000000
0.0236407500000000
0.00358175000000000
0.0101802500000000
0.0348225000000000
0.102506000000000
0.275048000000000
20.6011760000000
11.4614590000000
4.50160100000000
1.28836325000000
0.731642250000000
0.650430500000000
0.938097500000000
1.46690525000000
2.19313625000000
2.98780150000000
3.42328000000000
2.99455125000000
2.44076650000000
2.24459550000000
2.30931575000000
2.61654950000000
3.00307525000000
3.73047725000000
7.28584175000000
12.5930807500000
19.4250910000000
13.8259540000000
6.36051725000000
4.33609325000000
3.62928100000000
4.09546675000000
5.73465100000000
9.31957125000000
13.4246767500000
15.1154877500000
39.4667305000000
22.7912702500000
12.3123537500000
9.37917525000000
6.92080625000000
5.74719650000000
5.42999625000000
6.62359625000000
8.90085750000000
12.5604410000000
1.20893925000000
0.982720250000000
0.803949750000000
0.699253000000000
0.710968750000000
0.711676500000000
0.804998250000000
1.17660450000000
3.12809625000000
5.48038900000000
45.3973740000000
25.9881045000000
9.14928225000000
3.03164900000000
1.57329950000000
0.968650750000000
0.922425750000000
1.92943125000000
4.00361475000000
5.39029350000000
58.8632377500000
38.0709105000000
16.4503007500000
7.38787850000000
4.30190225000000
2.57060150000000
2.28707675000000
2.85283425000000
3.64238300000000
4.49847000000000
0.00147200000000000
0.00466425000000000
0.0129290000000000
0.0294345000000000
0.0604435000000000
0.122645000000000
0.289019500000000
0.673123500000000
1.44778025000000
6.12280725000000
3.00282325000000
1.40957575000000
0.770914250000000
0.584699500000000
0.514901000000000
0.499203500000000
0.590282000000000
0.900502000000000
1.48103775000000
34.3596690000000
19.4093212500000
8.02465600000000
2.93935950000000
2.04736875000000
1.87036000000000
2.28239825000000
3.09059925000000
4.25110450000000
5.39665900000000
0.839313500000000
0.713413500000000
0.536766500000000
0.489445750000000
0.575765750000000
0.852206750000000
1.23005325000000
1.70654350000000
3.64436100000000
7.80714625000000
6.20358925000000
4.33008900000000
2.23908475000000
1.63982325000000
1.53554800000000
2.07271250000000
3.25131650000000
5.47702975000000
8.43613750000000
10.5540477500000
19.0356552500000
12.5621115000000
8.52733325000000
6.84008000000000
5.45916400000000
5.07790800000000
5.56899150000000
7.29259900000000
10.2472157500000
14.9564192500000
0.00263575000000000
0.00790750000000000
0.0227902500000000
0.0632365000000000
0.114193000000000
0.203129250000000
0.443531000000000
1.45966875000000
3.79459925000000
13.3777317500000
10.4756115000000
5.03176400000000
2.36915150000000
1.28000400000000
0.767364000000000
0.713590750000000
1.37042900000000
2.98503075000000
5.57277600000000
71.4605720000000
51.6348105000000
24.2865285000000
11.4051807500000
6.21336825000000
3.25825575000000
2.66443300000000
3.35204500000000
4.38714675000000
5.90266350000000
2.70234850000000
1.81078875000000
1.21963325000000
0.813070250000000
0.760696250000000
0.821453750000000
1.07273000000000
1.70974525000000
3.28820000000000
5.39439800000000
14.0053110000000
7.81582850000000
3.72387950000000
2.35381400000000
1.66774850000000
1.40088300000000
1.36198775000000
1.61227625000000
2.34598075000000
3.39588975000000
43.5104822500000
23.8719790000000
9.99299175000000
4.31544800000000
3.08204025000000
2.67458225000000
3.03043600000000
4.13148500000000
6.41449675000000
8.23565125000000
0.00280750000000000
0.00842225000000000
0.0313895000000000
0.0754665000000000
0.173356750000000
0.309885000000000
0.537538250000000
1.18558400000000
3.37232625000000
2.04332250000000
1.35227700000000
0.780184000000000
0.638456750000000
0.592291250000000
0.932582250000000
1.65933000000000
3.07677175000000
5.15659125000000
6.99814150000000
9.56868050000000
6.88732625000000
4.84355475000000
3.73213825000000
2.76962475000000
2.66207700000000
3.38249000000000
5.58186025000000
9.31082650000000
14.5169922500000
0.681613250000000
0.514815250000000
0.452344500000000
0.442204250000000
0.519675250000000
0.605685750000000
0.794916250000000
1.29651700000000
3.56177050000000
6.37228750000000
29.4933410000000
17.2827790000000
9.77616050000000
3.79934600000000
1.91099000000000
1.08647525000000
1.04329150000000
2.06850650000000
4.27886650000000
6.43356200000000
59.2347315000000
42.9832077500000
21.3614497500000
10.3499642500000
6.07612100000000
3.67865025000000
3.26633675000000
4.20559400000000
5.56284750000000
7.36329850000000
6.45010600000000
4.43596025000000
3.05073950000000
2.10882925000000
1.90362200000000
1.91429475000000
2.26136025000000
3.38459325000000
5.74372800000000
8.42958250000000
22.3284857500000
13.7947200000000
7.06847800000000
4.60467325000000
3.08001125000000
2.44816725000000
2.29270800000000
2.62779400000000
3.74173875000000
5.21586050000000
57.5233110000000
32.1500225000000
13.9978937500000
6.66066175000000
4.65999575000000
3.79899050000000
3.98885850000000
5.20358325000000
8.22516450000000
10.6873895000000
1.30654225000000
0.966515500000000
0.606498500000000
0.449710750000000
0.446408500000000
0.635302000000000
0.939915750000000
1.68145550000000
3.77570525000000
6.51986450000000
0.351151750000000
0.106173000000000
0.0244615000000000
0.00566625000000000
0.00822900000000000
0.0246872500000000
0.186058750000000
0.518212250000000
0.951216500000000
3.77117600000000
2.78105300000000
2.11292375000000
1.57655650000000
1.01214800000000
0.873702250000000
1.15634375000000
2.07083425000000
3.78624075000000
6.10257125000000
2.54284025000000
2.03369600000000
1.58060625000000
1.34832350000000
1.28159625000000
1.26703650000000
1.49089875000000
2.18872025000000
5.65797100000000
9.29953600000000
27.5721327500000
15.0026555000000
7.96580525000000
2.30540025000000
1.10005600000000
0.625147250000000
0.614961500000000
1.28893200000000
2.65758300000000
4.03036925000000
34.4397975000000
26.1678435000000
11.9636095000000
5.35531850000000
3.02229350000000
1.77170925000000
1.66475725000000
2.30740025000000
3.23586575000000
4.52123375000000
11.2796967500000
8.13364300000000
5.43966050000000
3.47478625000000
2.88250900000000
2.67787200000000
3.03522500000000
4.58019450000000
7.44801500000000
10.2687735000000
46.4467950000000
29.4214085000000
14.9451637500000
8.37998375000000
4.32060725000000
2.72298775000000
2.28875375000000
2.68977525000000
3.82242050000000
5.27261525000000
60.0780697500000
33.8747155000000
15.4324082500000
7.61135025000000
5.06901875000000
3.83084150000000
3.81708375000000
4.80660775000000
7.59928275000000
10.1056667500000