1.764693709510099184e+00
1.716554685111013168e+00
1.670919038241164500e+00
1.627400303037111140e+00
1.585988712958557478e+00
1.547664988301920452e+00
1.514264933698279858e+00
1.487866567890236524e+00
1.469713629555335466e+00
1.459502933130700342e+00
1.455834721986003943e+00
1.457111022474245843e+00
1.461738608506014669e+00
1.467966157506465308e+00
1.474428325164232945e+00
1.481341853470537151e+00
1.491322791640467438e+00
1.508974166037686970e+00
1.538791203018272435e+00
1.712885367993864483e+00
1.655912577270539199e+00
1.600568935824546291e+00
1.546109529834826635e+00
1.492576917603088305e+00
1.441800449049400301e+00
1.397399688145114061e+00
1.363475876573612577e+00
1.342153802930995843e+00
1.332325817030078685e+00
1.331090821718478256e+00
1.335687729224046549e+00
1.343480572419083474e+00
1.351288926381633670e+00
1.356516644686358797e+00
1.359540118718119528e+00
1.365058349118368097e+00
1.381201483509010286e+00
1.415881970715878291e+00
1.661822622479322886e+00
1.594803228646031412e+00
1.526967443020737170e+00
1.457508702718236959e+00
1.386966439088048730e+00
1.318804997338591800e+00
1.259558572100188734e+00
1.216155168218501892e+00
1.191459586725784670e+00
1.182818439832523438e+00
1.185341114925590134e+00
1.195016290089230937e+00
1.207836182368515532e+00
1.218305463085010309e+00
1.221720757482654296e+00
1.218554458398080298e+00
1.216703104140407499e+00
1.229867278055100543e+00
1.271235286101008555e+00
1.610041038647718858e+00
1.530974664790628825e+00
1.447240349575665164e+00
1.358270889298591078e+00
1.265896851534739964e+00
1.176334845538171470e+00
1.099865261693433460e+00
1.046161769303605604e+00
1.018025693248241215e+00
1.010655431765604462e+00
1.017291379447458066e+00
1.033039049341633930e+00
1.052432421548483488e+00
1.067050111480283281e+00
1.069293647215086462e+00
1.059161853306371581e+00
1.048105495768550721e+00
1.057317663358986026e+00
1.107698973133713904e+00
1.556284676611061624e+00
1.462777823055811499e+00
1.359766959224257166e+00
1.247574258606380049e+00
1.130635467508223080e+00
1.019053232796901520e+00
9.267296414644405900e-01
8.646476209092561760e-01
8.340405249237061724e-01
8.275677608274989439e-01
8.371896729294281414e-01
8.578385238894932208e-01
8.831724116767205590e-01
9.024737978921058001e-01
9.053727761213483660e-01
8.902669525972390918e-01
8.707393278864175024e-01
8.759207636882777592e-01
9.366894249042956311e-01
1.500673102804497505e+00
1.390882204547062573e+00
1.266712380486720857e+00
1.130521468825764320e+00
9.908461855730366086e-01
8.621981326817704794e-01
7.607041075791576290e-01
6.960668235220439648e-01
6.659908969752230679e-01
6.602253156174300308e-01
6.700891373205677404e-01
6.913349137427695634e-01
7.184222907751740550e-01
7.406941639126700672e-01
7.462868403642746173e-01
7.303831361108603648e-01
7.053619415372134327e-01
7.066843731786762728e-01
7.765973896893423323e-01
1.445191147084062600e+00
1.319055279003042536e+00
1.175071751551483468e+00
1.018830145451911307e+00
8.638089166015814335e-01
7.283094494610731218e-01
6.283446871262485800e-01
5.695159084165335450e-01
5.442936182448847582e-01
5.392889460039980154e-01
5.457471993983502578e-01
5.614507248514180038e-01
5.840891075462499860e-01
6.062146924285349847e-01
6.159988553286810387e-01
6.034874026720211670e-01
5.758332022508461101e-01
5.721587648902677348e-01
6.464967010687101556e-01
1.393647315969738010e+00
1.253693263008625491e+00
1.094899882721906526e+00
9.265455502606128046e-01
7.665760900321658688e-01
6.353873522438007182e-01
5.465271492822090238e-01
4.997810332795764587e-01
4.820901056021533737e-01
4.775398169870261889e-01
4.779880430711920258e-01
4.841503256380375042e-01
4.986389805110740259e-01
5.191228368095852641e-01
5.343165694999703064e-01
5.275001671048002994e-01
4.979198725955178428e-01
4.863332240972502163e-01
5.581612606130659238e-01
1.350722978520306539e+00
1.201699643327873934e+00
1.035071096480092656e+00
8.630582206775754273e-01
7.063840878002936030e-01
5.855150630438932247e-01
5.102942627779920581e-01
4.751660974423346229e-01
4.634368314240002729e-01
4.585327274331847391e-01
4.536476252958558941e-01
4.521725709463986220e-01
4.610043925500835194e-01
4.820459283439477716e-01
5.036597969732781177e-01
5.021526238627707084e-01
4.692646196955627680e-01
4.470369267556888460e-01
5.108175216024419818e-01
1.320235197991059595e+00
1.167872123821366070e+00
1.000066804735045833e+00
8.302492289222507260e-01
6.796694146239379286e-01
5.673641766543395804e-01
4.999960798809257589e-01
4.693787423271564840e-01
4.586665321054090860e-01
4.529533172847639566e-01
4.470265025695301375e-01
4.453473784605677110e-01
4.560783842795450571e-01
4.818969707039157946e-01
5.092082390016476889e-01
5.094562269634228535e-01
4.708485696995010628e-01
4.379101476282334371e-01
4.929048151507329223e-01
1.303454851344421517e+00
1.153290884262185845e+00
9.897954783095128661e-01
8.255712886496171521e-01
6.801642370359983758e-01
5.704177472498601631e-01
5.016987576293390205e-01
4.669287974160469812e-01
4.524372571379959851e-01
4.463621729224289680e-01
4.446410605072648181e-01
4.508919216659927898e-01
4.709008825028051515e-01
5.038261373461274673e-01
5.327591825140625126e-01
5.283210637816182498e-01
4.813458476511758288e-01
4.405286283668714553e-01
4.906290301595541692e-01
1.298179882794881834e+00
1.154596166030497306e+00
9.998727878978574957e-01
8.442221778761935802e-01
7.036295852531733175e-01
5.922609935249716351e-01
5.160767668246233342e-01
4.720753859074782177e-01
4.515131015929239044e-01
4.455298018013174044e-01
4.505527381427349987e-01
4.684012391987333324e-01
5.002117242062893432e-01
5.386436321023602147e-01
5.631496478487907353e-01
5.477470756042341904e-01
4.910775559314255467e-01
4.464362192209612168e-01
4.963729646444132726e-01
1.299020799805181037e+00
1.163961132534756970e+00
1.020604736011385461e+00
8.762942250791079246e-01
7.424740227483570543e-01
6.301068981593584972e-01
5.462995072287224474e-01
4.929725509773201786e-01
4.663142954785577388e-01
4.598237972682364116e-01
4.701214282596288818e-01
4.973146123741880587e-01
5.376882487124898802e-01
5.773487592966897175e-01
5.934916853414826665e-01
5.659593529512563226e-01
5.020699459977258083e-01
4.574174845237437559e-01
5.089971672317468165e-01
1.299406688925689224e+00
1.171235116075890925e+00
1.038147445522682011e+00
9.053461740187946916e-01
7.802168036065859624e-01
6.703611255221453291e-01
5.830526726006366456e-01
5.236732501877783275e-01
4.921899524816615301e-01
4.840631148122362948e-01
4.960947164195652626e-01
5.268566581011833172e-01
5.690993486111417532e-01
6.055126040616130023e-01
6.141032718318950590e-01
5.802232280678893961e-01
5.156645579738978746e-01
4.739685152505686005e-01
5.260166412448008533e-01
1.295110584540910992e+00
1.169034652885097225e+00
1.040983247374461129e+00
9.153176661915094492e-01
7.971950220269654608e-01
6.917180568814038644e-01
6.049757470337979726e-01
5.431936053761072802e-01
5.084664317471383477e-01
4.980613529966997355e-01
5.088364132870053513e-01
5.375749855398601618e-01
5.753743647837821218e-01
6.060525225464221677e-01
6.115170492748698283e-01
5.800746115420314375e-01
5.219101464383060218e-01
4.854184915132579992e-01
5.378135244319994790e-01
1.287657021568183513e+00
1.158283518095666542e+00
1.028374291703128662e+00
9.022749512633763125e-01
7.849350082980168786e-01
6.807311145697783061e-01
5.942821490400560513e-01
5.307258560666461289e-01
4.928427980886698201e-01
4.794783750868563121e-01
4.873822761281321192e-01
5.114310048775150275e-01
5.426381483031730291e-01
5.688071222018082906e-01
5.764184395652409698e-01
5.536657989115121303e-01
5.059865930038727200e-01
4.775658034901679727e-01
5.353448664912554555e-01
1.285363049716278461e+00
1.150302831761644606e+00
1.014390620638112583e+00
8.818808191118978623e-01
7.584729726885472978e-01
6.494262874857472667e-01
5.589016127342516516e-01
4.907708083338091498e-01
4.478141349029671758e-01
4.300837496683316274e-01
4.343814989300314178e-01
4.543671943089098164e-01
4.817114715631289901e-01
5.076768904490194245e-01
5.211873916266862583e-01
5.089565075996331789e-01
4.734341288162964290e-01
4.577648673340857233e-01
5.290385388152996082e-01
1.300455687252767278e+00
1.163044132609599490e+00
1.023596959439649012e+00
8.859556421088647937e-01
7.562981205767871362e-01
6.410887989988054425e-01
5.450616799820853231e-01
4.716462870073763192e-01
4.234403785469538217e-01
4.011030842515161954e-01
4.018274216580071112e-01
4.193276749830343597e-01
4.460757542630386929e-01
4.745206086148274771e-01
4.938466904236151755e-01
4.908900605401802508e-01
4.690591549010276751e-01
4.704936088090172497e-01
5.570307444227449167e-01
1.342345617149616643e+00
1.211275499464119498e+00
1.077545840340681682e+00
9.448240112524042278e-01
8.190331228761071891e-01
7.067889495471573191e-01
6.131517489798501419e-01
5.413560847348604099e-01
4.934120010983302773e-01
4.696930105776151443e-01
4.678070523541761894e-01
4.825560717607990657e-01
5.074649357292992935e-01
5.352069436490434207e-01
5.557122986453992830e-01
5.593178149556941037e-01
5.523201407469930935e-01
5.705810351487863308e-01
6.611500915772952069e-01
1.744980926811498190e+00
1.696013651303738934e+00
1.650141974705098047e+00
1.606453957325999493e+00
1.564937637068943177e+00
1.526914046588616847e+00
1.494396845012050612e+00
1.469329363697345681e+00
1.452572598187299224e+00
1.443345039454279943e+00
1.440019105220847973e+00
1.441300118006330511e+00
1.446210599009851716e+00
1.453362482808244982e+00
1.461186512248380032e+00
1.469302405514361087e+00
1.479773626266303044e+00
1.497105989321121378e+00
1.526190668376727677e+00
1.692816387022229030e+00
1.635324487948490058e+00
1.580087541066977463e+00
1.525713897316677503e+00
1.472180735444108990e+00
1.421608941638234924e+00
1.377940965120975747e+00
1.345520038962733311e+00
1.326274809479015993e+00
1.318322506845866382e+00
1.318122017814282509e+00
1.323171476615929043e+00
1.331644964252827634e+00
1.340719552916689761e+00
1.347363749870033489e+00
1.351198704022368080e+00
1.356380681466664351e+00
1.371054412295140024e+00
1.403751937205325095e+00
1.642337938244063489e+00
1.575229441190770352e+00
1.507895672340495707e+00
1.438825074275936311e+00
1.368223999386020795e+00
1.299629216403042742e+00
1.240272934737678190e+00
1.198145265726810571e+00
1.176275049603010547e+00
1.170761860111179997e+00
1.175495420516901923e+00
1.186689650583932387e+00
1.201278558815825015e+00
1.213798574039465450e+00
1.218544122192537049e+00
1.215064977330006180e+00
1.211053166222647137e+00
1.220770398359652287e+00
1.258567442269091785e+00
1.591552299765773171e+00
1.512849456260479286e+00
1.430019952780593684e+00
1.341543069944338473e+00
1.248457483902464693e+00
1.156925290120684569e+00
1.078619923198065766e+00
1.025304043028831380e+00
1.000285477453831895e+00
9.970656110729989585e-01
1.007309586715511962e+00
1.026474346225177081e+00
1.049938979105238257e+00
1.068469274038380101e+00
1.072462028195478645e+00
1.060675992437542847e+00
1.044858117045984969e+00
1.047827261520713815e+00
1.092828021254820037e+00
1.538980557856281628e+00
1.446229894980713970e+00
1.344286231736478987e+00
1.232078912633221890e+00
1.112849905809960127e+00
9.967945355664737939e-01
9.000235277539667678e-01
8.364700291000144450e-01
8.081555145151306796e-01
8.060034975996908102e-01
8.206357479378119102e-01
8.475775390734634485e-01
8.807425582759498273e-01
9.072170272957293946e-01
9.134388872069516552e-01
8.961534788028397980e-01
8.695133085155295483e-01
8.653924957819110197e-01
9.187632069051270278e-01
1.484791925268913015e+00
1.375999562403086296e+00
1.252571848709036928e+00
1.115122372645071414e+00
9.708955369430398719e-01
8.348498024402646323e-01
7.259641812643904402e-01
6.573696150655301551e-01
6.277584643861460201e-01
6.255482683165196622e-01
6.414994627343597600e-01
6.722655586624828317e-01
7.116211791676927412e-01
7.451771346473885504e-01
7.569302537577868861e-01
7.400123077931493043e-01
7.070004917861572036e-01
6.965343828541423754e-01
7.567977219143471324e-01
1.430870904767818308e+00
1.305859010275801646e+00
1.162030445570502168e+00
1.003161813902579080e+00
8.416110373825960167e-01
6.964818277493207699e-01
5.869934873938746911e-01
5.222597692503501143e-01
4.956705268865826408e-01
4.928843947056149588e-01
5.055400071048214983e-01
5.328951744481504882e-01
5.713680713554603052e-01
6.087209901923942290e-01
6.284294488230997011e-01
6.179146363907139783e-01
5.832470610475226636e-01
5.661301130326166220e-01
6.280988594873457842e-01
1.380660685149003752e+00
1.242061465495107875e+00
1.083222918776356680e+00
9.117130554634576001e-01
7.445383398457874335e-01
6.030689364189210089e-01
5.041222328298848865e-01
4.507629554007870354e-01
4.304577021933997383e-01
4.264200952297709790e-01
4.317740028439760458e-01
4.496951681870027251e-01
4.818130534922140384e-01
5.207817437921922199e-01
5.502683626001971806e-01
5.498194067631825277e-01
5.154320565741037363e-01
4.891005580972835887e-01
5.450843505879092721e-01
1.338400424414448953e+00
1.191221501191638943e+00
1.025076741270199765e+00
8.505053052785735979e-01
6.873056517813063149e-01
5.568385750505737697e-01
4.719536224443687811e-01
4.299517787959596937e-01
4.143572193966646999e-01
4.079095311239915311e-01
4.058260758369161003e-01
4.149321131355081516e-01
4.419315549553857192e-01
4.841511342261402007e-01
5.246389875481156650e-01
5.343453259795154509e-01
4.991440607825303744e-01
4.608545572798505852e-01
5.049602289724202109e-01
1.307572903968500677e+00
1.157647833331592047e+00
9.912201663383668482e-01
8.198877369724821840e-01
6.638927397602896185e-01
5.429364782655317079e-01
4.661569483281329251e-01
4.278279050402822303e-01
4.115725528890825657e-01
4.024681258791817928e-01
3.978034216251189470e-01
4.057453077840289524e-01
4.348030651095418087e-01
4.837860228493564563e-01
5.336910992222989591e-01
5.490124106436522489e-01
5.098592204173717501e-01
4.596419818685917313e-01
4.920169977941164507e-01
1.289317810979882406e+00
1.142001694405264667e+00
9.806265994557725740e-01
8.157184088312463555e-01
6.657546129650442346e-01
5.480462763064708476e-01
4.699487903017334212e-01
4.267059180865717671e-01
4.057313674949232229e-01
3.957688676025332697e-01
3.950954166822262525e-01
4.105935080752765032e-01
4.486356252490613095e-01
5.051984555054425119e-01
5.579581404565592262e-01
5.695701965839270464e-01
5.218239459804447922e-01
4.625351865778550842e-01
4.889284431320359836e-01
1.281506216287964905e+00
1.140855201763681492e+00
9.887673986752421040e-01
8.332036835364988736e-01
6.889933342682903472e-01
5.706313566699292572e-01
4.859451958956211293e-01
4.344676782495715539e-01
4.088021539970301266e-01
4.002981634315070369e-01
4.068473853463214773e-01
4.332319748795490089e-01
4.817231967673079041e-01
5.422426714917611967e-01
5.885510661664712373e-01
5.864111312958641964e-01
5.260705830177030418e-01
4.613079032212217268e-01
4.879049708081977244e-01
1.278878857202758290e+00
1.146420502991511325e+00
1.006009338806700182e+00
8.628210680773360508e-01
7.269666786748412157e-01
6.094900247483872047e-01
5.195215953414704657e-01
4.618968968307224365e-01
4.336953627403610234e-01
4.270996250560141760e-01
4.390939447417792074e-01
4.732257411264271241e-01
5.279538450783727299e-01
5.867403646326201372e-01
6.205849208262776973e-01
6.013858114385666198e-01
5.294743943519228946e-01
4.623960611393791442e-01
4.908482817346282445e-01
1.274861217379891665e+00
1.148273698651110175e+00
1.017753099803647920e+00
8.868595796706360002e-01
7.616474320111454865e-01
6.494546806630943081e-01
5.595625429406063667e-01
5.003223695684946293e-01
4.716270903926846891e-01
4.658629335390971349e-01
4.794302365221212447e-01
5.151782555512598449e-01
5.689954409414625935e-01
6.210617788506684889e-01
6.433018315557530453e-01
6.137415102510734854e-01
5.376478241150561832e-01
4.706886699766039683e-01
4.980345611569045872e-01
1.265130808829234343e+00
1.138656045914745452e+00
1.011425570933506934e+00
8.871119384793213491e-01
7.702158128401304094e-01
6.655940238358744043e-01
5.808997373432709388e-01
5.244914206041406679e-01
4.970595170538474328e-01
4.915308180474200483e-01
5.039754009239174604e-01
5.357895694317904578e-01
5.817195927721332538e-01
6.240715844237239018e-01
6.401415728956512119e-01
6.112443828209890295e-01
5.394533865425092944e-01
4.741324938512780918e-01
4.984132676016588270e-01
1.251431179275411587e+00
1.118833315209997181e+00
9.866166704099008644e-01
8.594541371241581906e-01
7.430608803742939639e-01
6.424235162923501719e-01
5.631528457897938544e-01
5.107409873931110234e-01
4.847993076630303655e-01
4.789851844357277955e-01
4.889498761319965858e-01
5.138166930427847667e-01
5.486250617512815619e-01
5.817570845367669996e-01
5.972956814259062774e-01
5.759068804372777794e-01
5.122405327060817193e-01
4.509026374647078228e-01
4.779435128413760392e-01
1.243156057224691580e+00
1.101868906519308133e+00
9.600516918461414750e-01
8.228772148206084935e-01
6.982992228455062733e-01
5.936231696175915395e-01
5.137743185813996583e-01
4.610640673588624061e-01
4.333402101201846435e-01
4.249215422410097531e-01
4.312165700334686935e-01
4.495168459251090987e-01
4.759624678836846812e-01
5.044574097049308037e-01
5.228885277727002290e-01
5.093564761917677153e-01
4.543476922722062827e-01
4.033039067562977920e-01
4.458047793593893360e-01
1.254516179431840905e+00
1.108694939578992900e+00
9.606414227950108575e-01
8.151759311799531282e-01
6.814031745053643618e-01
5.688355882272047026e-01
4.830854532073363128e-01
4.250487176473305428e-01
3.917154016415607121e-01
3.782210760652739978e-01
3.803397334520108863e-01
3.947894088491827880e-01
4.184375554306942746e-01
4.468757454013443375e-01
4.680318833011276602e-01
4.599491312549646160e-01
4.162031912612151885e-01
3.845432130600030529e-01
4.496848412029510467e-01
1.296643450945500931e+00
1.156613098801339445e+00
1.013529075505040566e+00
8.718975641032187252e-01
7.401697712082668801e-01
6.277842744115673668e-01
5.406741845608906694e-01
4.798371094814926074e-01
4.427010522770746803e-01
4.254427725206841870e-01
4.245996357494037365e-01
4.371276114551769787e-01
4.597680800687315994e-01
4.870659456722115088e-01
5.068843556599613720e-01
5.026469606349457386e-01
4.753580661573497679e-01
4.681891312865964494e-01
5.463147031047805857e-01
1.744192245501599903e+00
1.697685624858022546e+00
1.654144418221050516e+00
1.612563727877274644e+00
1.573280054601070121e+00
1.538176538683972527e+00
1.509413261513509186e+00
1.488307990817531401e+00
1.474706112583400452e+00
1.467136773630971280e+00
1.463946514953794020e+00
1.464368984420335584e+00
1.468303262722050473e+00
1.475285359214879799e+00
1.484215125710449668e+00
1.494351516947464598e+00
1.506693985832320948e+00
1.524501339812869949e+00
1.551849617366347189e+00
1.695004351941843845e+00
1.641134311554654612e+00
1.589680504110734249e+00
1.539256384298163693e+00
1.490229224503955452e+00
1.445109927841137676e+00
1.407538089143705262e+00
1.380710996358943232e+00
1.365353602695544177e+00
1.359162456686381582e+00
1.358922556209699817e+00
1.362781208694308965e+00
1.369879676980464200e+00
1.378639547876889360e+00
1.386843682398431365e+00
1.393722185784051382e+00
1.401808742776384786e+00
1.417051910273976700e+00
1.446315706418166869e+00
1.647776605214294587e+00
1.585843366559162471e+00
1.524649886527751352e+00
1.462835410363091615e+00
1.400813781565002802e+00
1.341829301540378383e+00
1.291843613728953066e+00
1.257057690011500473e+00
1.239518718351158455e+00
1.235744030449819286e+00
1.240488021559659870e+00
1.250462141690874329e+00
1.263364187262133287e+00
1.275318866946636209e+00
1.282021952202332393e+00
1.282780537633782636e+00
1.282986383223760463e+00
1.293229540990414428e+00
1.324730343745315952e+00
1.600748679536463381e+00
1.529443755213633072e+00
1.456382880068582075e+00
1.380151043893992568e+00
1.301392112411944080e+00
1.224789267756675626e+00
1.159437956142084003e+00
1.114786206816869685e+00
1.093962591321725908e+00
1.092312826730984954e+00
1.103012641921134129e+00
1.121509982477659761e+00
1.143342806885427221e+00
1.161060803972440603e+00
1.167185342447139451e+00
1.160679420634512127e+00
1.150439606474094489e+00
1.153714234488475432e+00
1.188446918945338826e+00
1.552984739429471128e+00
1.470697336236924446e+00
1.383436635370846712e+00
1.289814984036974810e+00
1.191489425951454795e+00
1.095495161688269992e+00
1.013983530103962138e+00
9.585701300536300096e-01
9.327818390697049100e-01
9.315259736245007360e-01
9.477715209163597443e-01
9.761791848567438201e-01
1.009444083906673617e+00
1.035740069870655145e+00
1.043981673221784146e+00
1.032133817648829499e+00
1.011862530324153742e+00
1.007711215298982221e+00
1.046454603221715685e+00
1.505248561602739343e+00
1.410744221323057879e+00
1.307619773977491739e+00
1.195305419082805187e+00
1.077629149302012923e+00
9.643313313661860953e-01
8.694334356758528504e-01
8.048209214634347575e-01
7.734837101071834198e-01
7.706044094140400702e-01
7.903552545658396600e-01
8.274604275435237799e-01
8.720330727744356469e-01
9.083206161058094974e-01
9.220844102034346790e-01
9.094692910694097687e-01
8.827239095538961244e-01
8.722386029217736869e-01
9.144240129333429667e-01
1.459403959173089849e+00
1.352831593600247961e+00
1.234580296918199815e+00
1.105941921668071259e+00
9.735466084696042799e-01
8.492863239681074372e-01
7.474611102994490608e-01
6.784305621763813132e-01
6.434288350269450341e-01
6.376321418538095642e-01
6.571371389034976751e-01
6.983334577574078494e-01
7.508398711387227475e-01
7.968063094727035889e-01
8.193872901998231484e-01
8.114005418410779047e-01
7.826194163437483198e-01
7.666614511772560370e-01
8.092240061179349908e-01
1.417758136953610304e+00
1.301371406422884069e+00
1.172055069832869112e+00
1.033315117312176401e+00
8.940690493380931692e-01
7.671294720453061267e-01
6.657458240380422776e-01
5.976949991387683347e-01
5.616047646906514590e-01
5.520418534828317458e-01
5.672934481410902841e-01
6.071952375341904684e-01
6.636612887728188248e-01
7.188083021263367289e-01
7.530874738294461856e-01
7.539046977358778712e-01
7.258031118414014493e-01
7.034478742005345620e-01
7.411173133614705755e-01
1.382593902589133172e+00
1.260350893051868093e+00
1.126024224812782082e+00
9.846296411930675063e-01
8.460350715888291795e-01
7.225775102237195213e-01
6.255148296414685394e-01
5.599878981073569406e-01
5.228057871015403535e-01
5.087503704909046576e-01
5.185373716073828909e-01
5.556153196552737761e-01
6.149761094102412784e-01
6.794992230252285825e-01
7.266624918049522375e-01
7.373613189382974831e-01
7.099822438459284513e-01
6.794648724446425980e-01
7.077285344363382080e-01
1.355563662753183074e+00
1.231854578326084138e+00
1.098162613211133287e+00
9.596967964992304534e-01
8.259260166300235184e-01
7.077097876499804929e-01
6.139171142533657033e-01
5.480340198877859947e-01
5.075283675697463970e-01
4.895688947939218494e-01
4.970863615452074669e-01
5.348596131191012404e-01
5.987998633098348122e-01
6.718049752930626006e-01
7.288292708393346864e-01
7.456509637213686315e-01
7.164094883106917333e-01
6.770408533933940376e-01
6.954352362865843240e-01
1.336998775413163587e+00
1.215571785209666578e+00
1.086617990382422683e+00
9.542873788286383441e-01
8.266785110561387651e-01
7.128415451518528290e-01
6.198061038827646918e-01
5.511054762785621008e-01
5.070716196499871486e-01
4.882512842896131744e-01
4.984808223211523170e-01
5.410413270782656880e-01
6.101072781755214613e-01
6.873491434202816386e-01
7.461362361672114751e-01
7.604832950026985117e-01
7.244674206703218822e-01
6.767262209134137230e-01
6.886879275007653511e-01
1.325405937781538368e+00
1.208753760924594411e+00
1.087272040520422589e+00
9.633528983385284405e-01
8.429694123884943213e-01
7.333506018562894191e-01
6.410081959346403124e-01
5.712321322772315746e-01
5.273502522048181262e-01
5.114812059773727881e-01
5.265125044008533983e-01
5.735871080825998281e-01
6.447474552550556126e-01
7.196375131848613549e-01
7.705382815736854241e-01
7.729865561195321533e-01
7.251642029899105779e-01
6.697426458727191445e-01
6.791593691221142759e-01
1.317467811448562287e+00
1.206037382163976712e+00
1.092854085844217060e+00
9.787229639006387316e-01
8.670025138146888466e-01
7.628536030135939505e-01
6.732341473573846269e-01
6.060498623420071951e-01
5.662012884575022831e-01
5.545543324209010194e-01
5.721282650869028430e-01
6.196033721158169527e-01
6.883616310999163268e-01
7.559046495939236721e-01
7.936760132503566378e-01
7.805054308146699427e-01
7.199818371599193689e-01
6.579340092345196123e-01
6.661073208842958060e-01
1.309041782699952083e+00
1.200407703117621905e+00
1.092894993559188954e+00
9.867719186313190782e-01
8.832050247245568642e-01
7.850469331595304467e-01
6.994005103329312689e-01
6.361926001177984347e-01
6.005850134131511808e-01
5.911920840671709421e-01
6.077840561739369374e-01
6.521119711483978065e-01
7.158816720484346696e-01
7.752128368459938468e-01
8.018830163195862504e-01
7.779484968193659533e-01
7.095864064027233020e-01
6.426217498020401209e-01
6.484130556580640636e-01
1.297412390591055509e+00
1.186700192441204393e+00
1.078612389914200609e+00
9.741519882638933758e-01
8.739744026534457255e-01
7.794161715765137721e-01
6.967684183455107316e-01
6.361000375016607755e-01
6.020798430277563007e-01
5.921916425463338296e-01
6.061770869269929030e-01
6.466076251225321148e-01
7.052589601764323035e-01
7.586175843054880907e-01
7.806622871323978252e-01
7.548124954922288410e-01
6.849801179096641768e-01
6.147693488016572338e-01
6.182594247793700148e-01
1.284112575489332553e+00
1.166325663506920129e+00
1.050622395886629645e+00
9.391855760755078997e-01
8.341616590111513574e-01
7.374944027788339351e-01
6.545568242577348705e-01
5.936358441865325908e-01
5.581983818909836970e-01
5.459350049638567182e-01
5.572343233297272214e-01
5.943435385241699898e-01
6.488289765528156838e-01
6.993384921950649424e-01
7.225632498217349209e-01
7.004166902302921827e-01
6.321095006211001621e-01
5.611445879981276086e-01
5.683821071799692870e-01
1.276614798003330442e+00
1.149884544280881160e+00
1.023155837739678109e+00
8.991391514102500260e-01
7.822750753279390512e-01
6.771442157079419211e-01
5.893039076695663070e-01
5.247181562979217340e-01
4.852217358633905686e-01
4.691363561059564979e-01
4.774261089582207962e-01
5.114109867451439584e-01
5.627975423175262115e-01
6.128150046605655987e-01
6.393003381019126685e-01
6.212215839653243421e-01
5.556850894748974756e-01
4.904974517292681746e-01
5.130184381576610164e-01
1.286663987611461835e+00
1.154656773691073779e+00
1.020421697441960873e+00
8.864982169797208655e-01
7.588265505475799699e-01
6.446653940565751917e-01
5.505737149357226023e-01
4.810204672093543188e-01
4.366792470996538889e-01
4.164398776459403706e-01
4.213545781476204510e-01
4.517408010595016510e-01
4.997924901440011780e-01
5.486248953394685657e-01
5.762085519764941210e-01
5.610173361811257031e-01
5.032165452616059742e-01
4.544561668946864863e-01
4.994313356968365092e-01
1.323966139394546104e+00
1.195484134173757429e+00
1.063802683773552360e+00
9.315676226364617563e-01
8.048266526004821397e-01
6.914339066337817918e-01
5.981132870806824542e-01
5.285871487369147026e-01
4.832704604852251506e-01
4.615027158251465700e-01
4.637812352717456399e-01
4.892586568200210095e-01
5.306865400659745990e-01
5.731563108752921742e-01
5.969430196169844827e-01
5.853246800056557397e-01
5.440937160295620245e-01
5.202804251211112785e-01
5.805287797788050153e-01
1.755054974729791883e+00
1.712718016047433345e+00
1.672791754681861143e+00
1.634678654425216315e+00
1.599240824586579901e+00
1.568624333519460734e+00
1.544746599407906595e+00
1.528184068905406701e+00
1.517979821612194025e+00
1.512298725923324483e+00
1.509580125263222605e+00
1.509356046564320319e+00
1.512041040205413189e+00
1.517995924878980496e+00
1.526913901727617207e+00
1.538209720796844149e+00
1.552141855926674863e+00
1.570649633078415652e+00
1.596627471680577726e+00
1.710835828120208291e+00
1.662642136363741363e+00
1.616582523330838850e+00
1.571927258092127966e+00
1.529731179123849261e+00
1.492599596073017620e+00
1.463239156227265969e+00
1.443143908356882665e+00
1.431776064194764331e+00
1.426915481535686148e+00
1.426193335526286576e+00
1.428380866967496887e+00
1.433210253137026324e+00
1.440299153855753467e+00
1.448749556321110132e+00
1.458012933741456685e+00
1.469239724799090041e+00
1.485962925360214237e+00
1.512856583761099660e+00
1.668344200635297980e+00
1.613956123672767085e+00
1.561051315943403850e+00
1.509112282074013267e+00
1.459170475561639480e+00
1.413941354486693669e+00
1.377124060521059512e+00
1.351813487640350697e+00
1.338531674057592102e+00
1.334996267262326786e+00
1.337974527508187572e+00
1.344958208953112466e+00
1.354069237651902124e+00
1.363210548764223873e+00
1.370391770154487432e+00
1.375395802433836190e+00
1.381234056596829518e+00
1.394166586174022004e+00
1.421393097985040210e+00
1.626566217932456260e+00
1.565470056613922134e+00
1.505119802750422675e+00
1.444970856580946705e+00
1.385799503748417205e+00
1.330549189658332576e+00
1.284240908916149504e+00
1.251837350274092486e+00
1.235253154324562175e+00
1.232710768567278015e+00
1.240521019139836145e+00
1.254571189240743845e+00
1.270389206960297779e+00
1.283166202764338903e+00
1.289273540806972207e+00
1.288806201817492170e+00
1.287224594816451129e+00
1.294767400141234370e+00
1.322467373197580232e+00
1.585467672963415398e+00
1.517165464273098507e+00
1.448643616953636082e+00
1.379074877649582032e+00
1.309201956254272714e+00
1.242574514209469960e+00
1.185378722617814518e+00
1.143979246783385806e+00
1.121870752699870799e+00
1.118862047930524239e+00
1.131801039480149207e+00
1.154867168325319327e+00
1.179956907292906365e+00
1.198552594339393762e+00
1.204950826910162753e+00
1.199421923212362850e+00
1.189951662947856370e+00
1.191521918300696870e+00
1.220265866058194426e+00
1.546264808268795976e+00
1.470528864503009014e+00
1.393178557036772958e+00
1.313359734159735392e+00
1.232338372039296637e+00
1.154355145869856214e+00
1.086054157697152966e+00
1.034470404437185520e+00
1.004818241467517748e+00
9.994618092463152248e-01
1.016799536978794105e+00
1.049657824068618961e+00
1.085894688294304133e+00
1.112607915149079973e+00
1.121575835508797914e+00
1.112957322883478817e+00
1.096909932664273946e+00
1.093098058488971125e+00
1.123290035445387858e+00
1.510434782805422982e+00
1.427707934503090748e+00
1.341868330144948107e+00
1.252510713732676972e+00
1.161643509220891879e+00
1.073848335665717135e+00
9.957017700538464133e-01
9.345938639480628751e-01
8.972007004230193594e-01
8.882007936806548543e-01
9.079042581930267808e-01
9.490184978879079303e-01
9.965859839916544338e-01
1.033491940883819238e+00
1.048201425063576497e+00
1.039734930143164426e+00
1.019510212392010562e+00
1.011190866482013728e+00
1.042041793660660076e+00
1.478961859790150601e+00
1.390659919720447224e+00
1.298369342477556421e+00
1.202235310393992229e+00
1.104554037433853608e+00
1.009743637342042977e+00
9.243253141711766929e-01
8.561211555447243438e-01
8.125498679289302473e-01
7.993913556211937887e-01
8.187108655792050271e-01
8.648401266922851605e-01
9.223891435374684811e-01
9.710037945315492802e-01
9.948611004699037252e-01
9.900851658852949377e-01
9.679400733987568728e-01
9.551957641779744712e-01
9.842703506605849917e-01
1.452245339512066469e+00
1.360568272712936455e+00
1.265158082230340320e+00
1.166338879933047634e+00
1.065953917217949964e+00
9.677945668486094277e-01
8.782657567441756186e-01
8.055077914553114837e-01
7.572707040202142359e-01
7.399741527764320814e-01
7.573841866527768474e-01
8.061792280258159860e-01
8.718796937957871140e-01
9.319470143788306515e-01
9.661645262885025787e-01
9.666919859568219309e-01
9.435000471096151031e-01
9.256356862986168110e-01
9.501456821397442631e-01
1.430270016144638001e+00
1.337620254577799983e+00
1.242597610665000740e+00
1.145201305791612834e+00
1.046366928381902373e+00
9.489068233045070411e-01
8.584861603017288623e-01
7.830347063732592261e-01
7.310690770504604252e-01
7.106598527183551894e-01
7.272864892755097621e-01
7.786651595636930878e-01
8.502955269372203251e-01
9.181916079677565623e-01
9.593092926793849173e-01
9.627717482802351512e-01
9.372338026583215687e-01
9.134029248253179301e-01
9.320063516032210948e-01
1.412675203366739130e+00
1.321080410745735456e+00
1.229214975321539782e+00
1.136384201889035994e+00
1.042593682868164340e+00
9.496134128725437495e-01
8.617667470930414630e-01
7.862726044759429378e-01
7.328787526311941747e-01
7.120317904712343271e-01
7.302753727235349324e-01
7.842844622879270311e-01
8.580636263002126007e-01
9.269792303041421988e-01
9.676027465901007041e-01
9.682384445217293578e-01
9.371614023444803099e-01
9.064482247793863579e-01
9.193891419332502757e-01
1.398686278062244881e+00
1.309324123007386431e+00
1.222114044793539911e+00
1.135526301779941516e+00
1.048772238394016121e+00
9.628278639159839614e-01
8.809101248282220631e-01
8.095993674840358256e-01
7.592589692911175803e-01
7.412459066351309023e-01
7.617215092307216828e-01
8.158222047377541308e-01
8.864957031063374071e-01
9.494746319889357800e-01
9.824456570154982415e-01
9.745116181719775117e-01
9.345248426950152343e-01
8.959067593274563368e-01
9.038647225595093371e-01
1.387091539666168938e+00
1.299787946255258175e+00
1.216878739616228611e+00
1.136209990986669860e+00
1.056266594896590139e+00
9.773828137021527418e-01
9.024938620161426783e-01
8.382352617168153941e-01
7.943416301117751654e-01
7.803618271040266841e-01
8.009144842357569516e-01
8.512135917413408137e-01
9.151552815287271603e-01
9.691971230860243480e-01
9.917885674716442335e-01
9.730514106459595691e-01
9.227635381354402089e-01
8.757364379741732208e-01
8.793613868131759936e-01
1.376505701484964428e+00
1.289398727578837889e+00
1.208053820211120843e+00
1.130297377874205367e+00
1.054020671634828599e+00
9.786934534538174191e-01
9.074296172094169499e-01
8.477462290305335380e-01
8.084161977905668373e-01
7.960476687263078333e-01
8.140249008550421994e-01
8.595471190509178516e-01
9.183813587809592782e-01
9.665042879538665588e-01
9.815490717410160215e-01
9.540186521236289074e-01
8.944630962596025192e-01
8.394708838424280728e-01
8.401118768014630422e-01
1.366163070376380073e+00
1.276087546819255625e+00
1.191623380818979783e+00
1.111192246154756980e+00
1.032496938490220284e+00
9.540167208688625777e-01
8.789301501616124668e-01
8.160549335663165316e-01
7.742441002531044170e-01
7.587781817333563161e-01
7.734621215511479075e-01
8.179229168880515211e-01
8.783613551584130708e-01
9.279509746945537874e-01
9.416587253282855396e-01
9.093109274882240634e-01
8.421846796663885470e-01
7.803728045628244292e-01
7.814064148919301900e-01
1.357310794038235624e+00
1.261169051570635302e+00
1.168889749672774148e+00
1.079504913690713108e+00
9.910339930406195652e-01
9.016136746005103397e-01
8.145804965176326462e-01
7.399907872597224490e-01
6.880532432613151173e-01
6.653513938165871444e-01
6.777311526667846309e-01
7.262628164189322000e-01
7.953418270235412812e-01
8.535819423268007355e-01
8.718023439210114134e-01
8.379066155437726593e-01
7.646275647834106515e-01
6.987337105790496494e-01
7.067117501454271977e-01
1.354572610439903624e+00
1.251261484275983271e+00
1.149150063813628275e+00
1.047302125917534799e+00
9.443243178694953333e-01
8.392614638978810326e-01
7.363090588351499655e-01
6.464216834097831210e-01
5.814013675938205505e-01
5.503494787554434886e-01
5.613156887401062889e-01
6.153958465513102993e-01
6.944151922706580660e-01
7.630120735531416010e-01
7.879424068371998491e-01
7.548419998802302633e-01
6.791375826037597818e-01
6.158440414674435370e-01
6.388481692867002959e-01
1.365577815868686207e+00
1.257574261355052680e+00
1.148311189600464077e+00
1.036624967291059241e+00
9.218365915151367496e-01
8.047662535141615336e-01
6.909181526275576246e-01
5.913568162929581096e-01
5.182963258015256258e-01
4.822236374182031771e-01
4.917208013762401908e-01
5.467242037806341326e-01
6.280279660923768770e-01
7.000769775103758974e-01
7.288755495840806287e-01
6.997014908327634508e-01
6.307058092656021575e-01
5.804399756974403246e-01
6.215774509924263391e-01
1.397217433119792185e+00
1.290562065477499409e+00
1.181367043027090169e+00
1.068972253814647555e+00
9.536734101853814316e-01
8.378502877374627289e-01
7.275438190142409223e-01
6.324450329074777777e-01
5.630932318849979357e-01
5.287983684490180636e-01
5.362143495986195774e-01
5.835529289849592516e-01
6.535331919702755954e-01
7.161510270422619673e-01
7.426891721345143527e-01
7.216231222558131542e-01
6.713604079514929879e-01
6.431167456817401540e-01
6.950306803476351547e-01
1.765946386454783745e+00
1.727158285617805378e+00
1.690511098176997518e+00
1.656246686766607690e+00
1.625737417324988110e+00
1.600670966452073962e+00
1.581921861452600719e+00
1.569318108916554433e+00
1.561866903803052375e+00
1.558079610531621695e+00
1.556603156096733720e+00
1.556908874134392384e+00
1.559352038898612181e+00
1.564555421810644553e+00
1.572845324553662438e+00
1.584256295106885482e+00
1.599028291399821944e+00
1.618206839275027953e+00
1.643498494765861739e+00
1.726697533802632023e+00
1.683260391264403077e+00
1.641769394383990388e+00
1.602650257995329675e+00
1.567745139522420228e+00
1.539089500481682471e+00
1.517710656867989005e+00
1.503529375036549931e+00
1.495548555120435941e+00
1.492098313011886557e+00
1.491508552320699676e+00
1.492885347897056292e+00
1.496217965752568491e+00
1.501788586572188278e+00
1.509719028801717933e+00
1.520140049688945671e+00
1.533725428916278277e+00
1.552248727689850227e+00
1.578341087811076182e+00
1.689235531450427485e+00
1.641034623717326557e+00
1.594784020236643007e+00
1.551265120572019818e+00
1.512341049426194406e+00
1.479898079351493090e+00
1.455149583762897381e+00
1.438503528170367529e+00
1.429383669578478289e+00
1.426338543941857440e+00
1.427572656144752816e+00
1.431498888538959902e+00
1.437004633564645584e+00
1.443379920676763017e+00
1.450314743781479176e+00
1.458284837435146475e+00
1.468978742810706173e+00
1.485457777009608904e+00
1.511497195373561198e+00
1.653408463585891663e+00
1.600523622513196687e+00
1.549970756524924109e+00
1.502586440127120060e+00
1.459698417591704267e+00
1.422792373458724002e+00
1.393461959946871609e+00
1.372965532887976625e+00
1.361595939529388399e+00
1.358671529311896053e+00
1.362549008509496451e+00
1.370544232880276603e+00
1.379619789198682556e+00
1.387458614481876573e+00
1.393136271661774561e+00
1.397592675927600503e+00
1.403928217945805912e+00
1.417148664453706131e+00
1.442752633263083117e+00
1.619880031093062556e+00
1.562756034187235299e+00
1.508331408524610673e+00
1.457088868467838250e+00
1.409754972587456523e+00
1.367575062409522868e+00
1.332516735705133959e+00
1.306646764690111429e+00
1.291507682156953329e+00
1.287934042071130492e+00
1.294884756386391444e+00
1.308279796335611422e+00
1.322400944432588155e+00
1.332721621182814786e+00
1.337483127990164444e+00
1.338079692626478856e+00
1.339189367994180868e+00
1.348311285965352102e+00
1.373419783575187347e+00
1.589612889130163964e+00
1.528874890325309099e+00
1.470754340007359717e+00
1.415247861502385351e+00
1.362884829099389794e+00
1.314922816180176923e+00
1.273396891839996714e+00
1.240908669473776094e+00
1.220576102475702029e+00
1.215399517931492923e+00
1.225370107675010978e+00
1.245022760710404519e+00
1.265589693583496711e+00
1.279778323528587114e+00
1.284574076756161531e+00
1.281684281265635494e+00
1.277440399134894822e+00
1.282183450795910895e+00
1.306915517402187810e+00
1.563082376263844386e+00
1.499352399601559416e+00
1.437776882529514966e+00
1.377937542789972269e+00
1.320443389351763308e+00
1.266601866039725799e+00
1.218326507279372306e+00
1.178744674523068969e+00
1.152681585950102505e+00
1.145274890456521533e+00
1.157614062091884222e+00
1.183371839168760875e+00
1.211247529427539771e+00
1.230993438484985658e+00
1.237617465292350616e+00
1.232566065068393169e+00
1.223645882944629060e+00
1.224139712586112871e+00
1.248323761653808539e+00
1.540241510749376097e+00
1.474175676729974516e+00
1.409841681950573022e+00
1.346447006380760092e+00
1.284514082246778877e+00
1.225272727168897013e+00
1.170716693258029739e+00
1.124765132297761205e+00
1.093668739348921282e+00
1.083923442878250043e+00
1.097451217030831483e+00
1.127990016998554612e+00
1.163045021034228022e+00
1.189828161372983528e+00
1.200616979665836359e+00
1.195534004029926489e+00
1.183198996882240284e+00
1.179605526464341470e+00
1.202328201584166756e+00
1.520740198030629209e+00
1.453073134250520759e+00
1.387154835805210817e+00
1.321832221293820275e+00
1.257179249681496858e+00
1.194175268096072440e+00
1.135088277269493240e+00
1.084629509563014516e+00
1.049924018819082150e+00
1.038126802965026130e+00
1.051825205287106657e+00
1.085469708184467086e+00
1.126461764049516701e+00
1.160228847690877529e+00
1.176219716825156025e+00
1.172500779720824227e+00
1.157734211417953851e+00
1.150077252731441346e+00
1.170090096731656537e+00
1.503963893222475257e+00
1.435432401097250565e+00
1.369354989201784001e+00
1.304301696111955788e+00
1.239672363551388434e+00
1.175983513758270815e+00
1.115478015560184666e+00
1.063076019189241883e+00
1.026342991328563548e+00
1.013173326613817871e+00
1.026937722129552366e+00
1.062542872938738281e+00
1.107209911865625340e+00
1.145274184868190659e+00
1.164361292494607181e+00
1.160956701008005076e+00
1.143514051901395989e+00
1.131654591625844031e+00
1.148154006556378448e+00
1.489158134819402068e+00
1.420371972818114781e+00
1.355453094578791040e+00
1.292770245176443566e+00
1.231046398466373315e+00
1.170208554635070231e+00
1.111926847678568198e+00
1.060527662135195115e+00
1.023694976846880822e+00
1.010351166036868475e+00
1.024655230918960713e+00
1.061204430791656383e+00
1.106424974057895971e+00
1.144200775357119060e+00
1.161934609836483778e+00
1.155809791707735013e+00
1.134270414309439090e+00
1.117747665344150265e+00
1.130396885688214059e+00
1.475764919654923402e+00
1.407033705401788293e+00
1.343952483374988294e+00
1.284643509577561904e+00
1.227301881538728656e+00
1.171402762913219320e+00
1.117911920100773671e+00
1.070212109004624157e+00
1.035621438404177752e+00
1.023487462515948021e+00
1.038226827740680314e+00
1.073929385829904160e+00
1.116454990045205431e+00
1.149913956769044621e+00
1.162489006216856691e+00
1.150858175517943449e+00
1.123551865036663822e+00
1.101467432075653674e+00
1.109996422119324588e+00
1.463674478786120448e+00
1.394768879310122944e+00
1.333032283175994648e+00
1.276286104660506293e+00
1.222395877171290390e+00
1.170611021004487107e+00
1.121589668153304853e+00
1.078236336523600958e+00
1.047132308066619277e+00
1.036707120391227033e+00
1.050852281412345768e+00
1.083900491485402906e+00
1.122250648722262323e+00
1.150385104251723245e+00
1.156821105729467059e+00
1.138484487785280663e+00
1.104009756968983291e+00
1.075198504415163514e+00
1.079707620921760647e+00
1.453210356990879859e+00
1.383185458168571857e+00
1.320945089046849930e+00
1.264147531246602396e+00
1.210481513392249742e+00
1.158878811875914572e+00
1.110075084443145510e+00
1.067577660348832946e+00
1.037750810343213814e+00
1.027543545093748900e+00
1.040147428736424740e+00
1.071095171533965384e+00
1.107772762224200624e+00
1.133720408878206243e+00
1.135922294712260028e+00
1.110780515203365848e+00
1.067652280723226710e+00
1.030998405841958343e+00
1.032879000920772228e+00
1.445083050624801135e+00
1.372421573324008381e+00
1.306921623240294039e+00
1.246326826142711841e+00
1.188170624515954454e+00
1.130643471365530450e+00
1.074603325759187822e+00
1.025321825268652898e+00
9.905592805524574551e-01
9.770668476581299000e-01
9.882826458641349454e-01
1.021227732721498027e+00
1.062950962807055255e+00
1.093218759947269358e+00
1.094888449794021668e+00
1.063159168619449257e+00
1.009716733281315282e+00
9.647835011309786601e-01
9.674223725841115673e-01
1.440698430639542504e+00
1.363919621535434334e+00
1.292587322324424193e+00
1.224543599102753344e+00
1.157002484537137388e+00
1.087162285319589472e+00
1.016043172752822077e+00
9.514490929097845218e-01
9.043342878542492969e-01
8.836240107144321954e-01
8.945110805531104603e-01
9.349361376957512348e-01
9.892561172288800719e-01
1.030644006535357482e+00
1.035767909965971789e+00
9.983307721257750345e-01
9.343629902232013507e-01
8.829838814021888638e-01
8.917430765112954738e-01
1.442825383679270601e+00
1.361433324341556839e+00
1.283237097966627438e+00
1.205893969721290482e+00
1.126116435201244048e+00
1.040510348497464488e+00
9.506816228612389175e-01
8.669891643571958628e-01
8.041170536707156202e-01
7.745672914448542556e-01
7.859650558594961645e-01
8.361304884462257281e-01
9.054089338284374566e-01
9.601366478310209285e-01
9.710869424300700992e-01
9.308764376044922351e-01
8.607293694768052283e-01
8.088349481042893530e-01
8.292536943572841324e-01
1.455758270041296321e+00
1.371173357478819632e+00
1.287670702419223989e+00
1.202676673359608372e+00
1.112682295623889539e+00
1.014718544149112445e+00
9.114910192599006145e-01
8.148067673503986974e-01
7.413390243580675332e-01
7.059185205698002008e-01
7.173970690585136367e-01
7.725990787013703454e-01
8.493440050268195041e-01
9.112764282072109978e-01
9.272539181956815924e-01
8.901047534886274981e-01
8.241936227559341077e-01
7.811368881245872586e-01
8.146922133601035565e-01
1.483618686769238693e+00
1.399403950680790487e+00
1.314801639787849030e+00
1.227680685973642882e+00
1.135261297164182004e+00
1.036030756559610300e+00
9.336855519999134323e-01
8.392970232050753765e-01
7.680065880533240019e-01
7.334670666085112423e-01
7.432140131779612080e-01
7.929860303962383838e-01
8.620888148343528457e-01
9.186506884490652780e-01
9.359784699937265806e-01
9.087691067811252132e-01
8.598012355225199688e-01
8.340448510739009169e-01
8.752140915353920914e-01
1.766748337444987271e+00
1.729243757466430553e+00
1.694861778258598628e+00
1.664401594039823795e+00
1.639151104521989089e+00
1.619760526646468302e+00
1.605786317884050796e+00
1.596498749146699536e+00
1.591312110906430100e+00
1.589402168865201359e+00
1.589734184576621301e+00
1.591708716856802930e+00
1.595369239503902303e+00
1.601032210697438174e+00
1.609151066456036228e+00
1.620401657142518381e+00
1.635527808999157839e+00
1.655313317386892358e+00
1.680688694439383957e+00
1.730779311804669263e+00
1.689451653707056522e+00
1.651128549270009405e+00
1.616806372457594509e+00
1.588408599419522060e+00
1.566986104143246905e+00
1.551953616194882146e+00
1.542245623125618970e+00
1.537044482377269317e+00
1.535344154652874771e+00
1.535904879123469735e+00
1.537995199717574035e+00
1.541648927592812246e+00
1.547199438129766458e+00
1.555133328268300641e+00
1.566244946172040908e+00
1.581407785109532060e+00
1.601554332647102896e+00
1.628005601707379846e+00
1.698017613572417650e+00
1.653008281407453151e+00
1.611027826223790038e+00
1.573368324176091182e+00
1.542228318558217071e+00
1.518792719840406535e+00
1.502463162957777154e+00
1.492000761319141944e+00
1.486413831239618011e+00
1.484731403145440165e+00
1.485755018396096139e+00
1.488479098739291517e+00
1.492510454231164907e+00
1.497957375380881473e+00
1.505341347996432155e+00
1.515663677716157398e+00
1.530105010257793108e+00
1.549927775789260442e+00
1.576813415182172218e+00
1.668632823280885802e+00
1.620260329833884683e+00
1.575252000501635941e+00
1.535146933413295223e+00
1.501888643903856568e+00
1.476391981833835132e+00
1.458161011333008350e+00
1.446115420446709043e+00
1.439396702733654498e+00
1.437427105410230332e+00
1.439258950382265478e+00
1.443334669688641103e+00
1.448284336714933840e+00
1.453671083660879937e+00
1.460030352617825766e+00
1.468677396323039508e+00
1.481361311610513987e+00
1.500037966326473793e+00
1.526920893970620252e+00
1.643056539456166254e+00
1.592130036392958470e+00
1.544943855129639942e+00
1.503075502041433253e+00
1.467991917062656970e+00
1.440218141026587961e+00
1.419442586121386851e+00
1.405001328205010669e+00
1.396482870563669376e+00
1.393954820087029089e+00
1.396799991647315942e+00
1.402747740350505534e+00
1.409131732274353066e+00
1.414676537461658778e+00
1.419770038345232521e+00
1.426025383669737856e+00
1.435926858211993951e+00
1.452482825917869480e+00
1.478819203397287563e+00
1.621240177213373324e+00
1.568773377597651120e+00
1.520211129047686960e+00
1.476860932790337921e+00
1.439866913631275613e+00
1.409581917881867152e+00
1.385893070155860496e+00
1.368612533246259755e+00
1.357956937878886272e+00
1.354711074963190320e+00
1.358573939769924355e+00
1.366629634139779004e+00
1.374908879153147634e+00
1.381037524832370744e+00
1.384956507709264040e+00
1.388480785122705896e+00
1.394899405264822034e+00
1.408501201859980512e+00
1.433730344630556264e+00
1.602515496933076156e+00
1.549244186874651152e+00
1.499884559884069102e+00
1.455184715693554010e+00
1.416202322482384535e+00
1.383391900093678073e+00
1.356776130689282933e+00
1.336573351682068367e+00
1.323705968848633230e+00
1.319650431887907427e+00
1.324383926354069985e+00
1.334560820757534572e+00
1.345116047059053521e+00
1.352419456379016172e+00
1.355657603972518110e+00
1.356688732537535413e+00
1.359527597292629064e+00
1.369764916996207615e+00
1.393434302904338562e+00
1.586396180106537823e+00
1.532675302137219253e+00
1.482834375849670261e+00
1.436951321955062921e+00
1.396131788397855233e+00
1.361076611313243090e+00
1.331871517224829660e+00
1.309022448692905405e+00
1.294104907637646296e+00
1.289186201606963067e+00
1.294481937983868569e+00
1.306468377586782692e+00
1.319356994768126068e+00
1.328391626215277954e+00
1.331845962354661239e+00
1.331309885177097696e+00
1.331151759686326486e+00
1.338038738070230327e+00
1.359694367430083872e+00
1.572786330729845305e+00
1.518718739630192882e+00
1.468521803776661638e+00
1.421773948336904958e+00
1.379630151283765649e+00
1.342989803407564686e+00
1.311946982844506060e+00
1.287150343467768021e+00
1.270631640140384988e+00
1.264905717663062479e+00
1.270392807624491471e+00
1.283545822134354975e+00
1.298237752406017798e+00
1.309001494491506046e+00
1.313295989955368670e+00
1.312122812123849735e+00
1.309732303549064891e+00
1.313533192196474353e+00
1.332810019421316383e+00
1.561338647383054390e+00
1.506832833135478111e+00
1.456382416456250883e+00
1.409421922375652336e+00
1.366984205292790744e+00
1.329899851950830492e+00
1.298187885092766392e+00
1.272482997305120600e+00
1.255030149916994020e+00
1.248706060942931462e+00
1.254140077621002547e+00
1.267731231177819051e+00
1.283164286957286349e+00
1.294679275055707901e+00
1.299245633666838984e+00
1.297291057149457583e+00
1.292839210332478839e+00
1.293839577896197746e+00
1.310728574339129260e+00
1.551208959339348548e+00
1.496017453189849356e+00
1.445455054251855831e+00
1.399090627540910736e+00
1.357565777968953391e+00
1.321331575540269032e+00
1.290243700429870355e+00
1.264762810325325448e+00
1.247101059990768368e+00
1.240436010305689951e+00
1.245646315912686042e+00
1.258998024930733539e+00
1.273942378304981915e+00
1.284626166462823349e+00
1.287865670697974529e+00
1.283862408923031495e+00
1.276733040547260778e+00
1.274979714779547191e+00
1.289724352427661813e+00
1.541598623606532437e+00
1.485426707926773560e+00
1.434765083796949003e+00
1.389327129045540010e+00
1.349231639151691642e+00
1.314485135144648487e+00
1.284772188060792963e+00
1.260263407114864620e+00
1.242910440626181945e+00
1.236020117914052197e+00
1.240714981670322903e+00
1.253219437393408242e+00
1.266788911979281229e+00
1.275441691150797308e+00
1.275899214830118034e+00
1.268413783302061226e+00
1.257561818587414892e+00
1.252604513320206836e+00
1.265338781364631959e+00
1.532327749776178027e+00
1.474904495116651004e+00
1.423835099895649492e+00
1.378761277326095991e+00
1.339377076425181778e+00
1.305401899823992018e+00
1.276403106733829507e+00
1.252372922367247510e+00
1.235066321077150864e+00
1.227744246304617093e+00
1.231661438633934402e+00
1.243204580622139233e+00
1.255531528125538587e+00
1.262181119976690358e+00
1.259366577036695745e+00
1.247329630341253326e+00
1.231364984077037317e+00
1.222090492058032662e+00
1.232858343382746913e+00
1.524019035255118837e+00
1.465054109134702021e+00
1.412908689794688755e+00
1.366899112694719420e+00
1.326440181583155020e+00
1.291016025660759681e+00
1.260099270484396516e+00
1.234030410638758957e+00
1.215069395013334441e+00
1.206610126639528602e+00
1.209934614119197560e+00
1.221645423023597798e+00
1.234565334881830179e+00
1.240854901178014114e+00
1.235282163233982988e+00
1.217769113233909462e+00
1.194768036370502218e+00
1.179561046245947598e+00
1.188800612386738287e+00
1.518059289071593154e+00
1.457202615372889198e+00
1.403061524405116556e+00
1.354475091685668264e+00
1.310568558891307189e+00
1.270385098569962512e+00
1.233309485715931686e+00
1.200868927296128374e+00
1.177055829812563070e+00
1.166131472402879066e+00
1.169577411729746164e+00
1.184033430612432269e+00
1.201155109001486032e+00
1.210219848536008058e+00
1.203221429997269443e+00
1.179435330668214599e+00
1.147374485718084536e+00
1.124944120923926150e+00
1.134047422745264599e+00
1.516433144883667872e+00
1.453373066855810025e+00
1.396345379550892218e+00
1.343665905934049887e+00
1.293970099341059221e+00
1.245595905520438862e+00
1.197963928104653464e+00
1.154543411473027081e+00
1.122192553982570118e+00
1.107096235263942408e+00
1.111497360797048417e+00
1.131784707990902472e+00
1.157252275049797774e+00
1.172688307405215458e+00
1.166121970384993656e+00
1.136104199990366048e+00
1.094408231902535000e+00
1.065328631249911506e+00
1.076942700936591724e+00
1.521532502282415766e+00
1.456269715115217078e+00
1.395954494301525184e+00
1.338424381079967640e+00
1.281595990334196244e+00
1.223097145086974091e+00
1.162709688305546107e+00
1.106089713497502736e+00
1.063237059292788889e+00
1.042907414660775967e+00
1.048630162448426661e+00
1.076263365062384514e+00
1.111994463311546610e+00
1.135666142439125892e+00
1.131328451832336102e+00
1.097177667926723998e+00
1.048853494661602825e+00
1.016960017518159010e+00
1.034317704243284286e+00
1.536030207542245840e+00
1.469330238634606545e+00
1.406320718546207438e+00
1.344616159623425622e+00
1.281526087496964506e+00
1.214451268719284549e+00
1.143954348602649329e+00
1.077294095016110287e+00
1.026418984027424042e+00
1.001915743549805615e+00
1.008309382710886881e+00
1.040838656128784123e+00
1.083440136002358445e+00
1.113124235190456446e+00
1.112046855014634072e+00
1.078713167061469580e+00
1.031338275761496392e+00
1.003345492196502819e+00
1.028016587463197240e+00
1.562199418379143445e+00
1.495946877480688997e+00
1.432081445154800736e+00
1.368587943297258969e+00
1.302886298133528076e+00
1.233012506779839867e+00
1.160492855665189449e+00
1.092775928371362282e+00
1.041244640369170860e+00
1.016019917073032186e+00
1.021336461075479374e+00
1.052169078497059429e+00
1.092949664125969278e+00
1.122350727469973775e+00
1.124334780580705573e+00
1.098236477073158301e+00
1.061518800002225760e+00
1.044193721425895394e+00
1.074074109405652067e+00
1.754994240096175551e+00
1.715755361945642044e+00
1.681976246288100718e+00
1.654497098355176554e+00
1.633744368811834491e+00
1.618991374199084010e+00
1.608701886807635040e+00
1.601897396433290544e+00
1.598391486123856176e+00
1.597885390462155941e+00
1.599773592380566267e+00
1.603678803897440552e+00
1.609396777660312416e+00
1.616627859840747083e+00
1.625535479921871529e+00
1.637231314253112746e+00
1.653136893688743392e+00
1.674319586503674184e+00
1.701513891306036808e+00
1.719747110576318905e+00
1.677029062756333566e+00
1.640008808931473716e+00
1.609492735641414818e+00
1.586363143114199126e+00
1.570218573260435457e+00
1.559335153887663195e+00
1.552392471697211285e+00
1.548992822202301944e+00
1.548637560207754005e+00
1.550517146761461573e+00
1.554230263399172696e+00
1.559681839521072977e+00
1.566623541501557249e+00
1.575309649954934832e+00
1.587093191298442063e+00
1.603530806506743289e+00
1.625664408507181857e+00
1.654440106952335121e+00
1.690657471969087000e+00
1.645207065650468925e+00
1.605315595016749253e+00
1.571827952137108353e+00
1.546051544594577720e+00
1.528106951232238053e+00
1.516383267575045268e+00
1.509163720146013965e+00
1.505607056464469018e+00
1.505100492646425092e+00
1.506825562404792596e+00
1.510203450968455652e+00
1.515023980305333584e+00
1.521242871151595955e+00
1.529462276945123156e+00
1.541233771252152662e+00
1.558075627860401990e+00
1.580905058455314149e+00
1.610727748759270161e+00
1.667546525567250804e+00
1.619988637743344118e+00
1.577687193105349994e+00
1.541708875583103211e+00
1.513602878322324985e+00
1.493853412427322391e+00
1.481075028290347761e+00
1.473240597137898789e+00
1.469093531541136866e+00
1.468126750607650077e+00
1.469684724194538550e+00
1.472768548172671332e+00
1.476727838731892506e+00
1.481768617388843579e+00
1.489012311775739228e+00
1.500185973741022361e+00
1.516786176972961364e+00
1.539777059559913841e+00
1.570228520813971462e+00
1.649597339858998257e+00
1.600725193224296961e+00
1.556756883211202647e+00
1.519073331505335522e+00
1.489276178824744612e+00
1.467934803597387372e+00
1.453921801932573921e+00
1.445186624087105409e+00
1.440265732345398231e+00
1.438781728630764700e+00
1.440172946050648939e+00
1.442927070312086446e+00
1.445886350541560450e+00
1.449466865806919857e+00
1.455221657957121995e+00
1.464974386802274209e+00
1.480322329325105990e+00
1.502562973392204348e+00
1.533004353482253057e+00
1.635233844441770890e+00
1.585868932655454699e+00
1.541200208121100257e+00
1.502742012519663772e+00
1.471980569684939510e+00
1.449378149184081810e+00
1.434087390751098035e+00
1.424383359305796404e+00
1.418829957732441027e+00
1.416981035833979385e+00
1.418145781865919997e+00
1.420448818898001786e+00
1.422420784076912970e+00
1.424519795779203291e+00
1.428423951833348360e+00
1.436001908569237262e+00
1.449125014560575408e+00
1.469634426286605011e+00
1.499291953250932785e+00
1.622837512323436204e+00
1.573502848071725913e+00
1.528955314843184032e+00
1.490493009608835129e+00
1.459416583477889162e+00
1.436053791859481343e+00
1.419759313888101504e+00
1.409253396734424069e+00
1.403267420652644093e+00
1.401136080066629486e+00
1.401934379698338784e+00
1.403700509791561135e+00
1.404855638141159657e+00
1.405633857739341686e+00
1.407542148872816590e+00
1.412553887099570415e+00
1.422935450696225068e+00
1.441072842270233245e+00
1.469314597492370034e+00
1.611917532164520939e+00
1.562821235508605078e+00
1.518728601437999259e+00
1.480493284096786599e+00
1.449392808091438223e+00
1.425781046869050384e+00
1.409018336875877964e+00
1.398030619898761762e+00
1.391691053683154600e+00
1.389163639072359846e+00
1.389392460258069617e+00
1.390538896673348734e+00
1.390995559038931351e+00
1.390624909327454972e+00
1.390689112356378487e+00
1.393330146901423650e+00
1.401099655248426279e+00
1.416704683464080183e+00
1.443126361113740597e+00
1.602958144321873224e+00
1.554109722315631492e+00
1.510323082449949617e+00
1.472077754999769672e+00
1.440888028785610064e+00
1.417305835267309133e+00
1.400500470660802410e+00
1.389249677291389151e+00
1.382477774274123883e+00
1.379366524372281022e+00
1.378885595050890700e+00
1.379307642422133551e+00
1.378966238534416799e+00
1.377455032886421238e+00
1.375941846677000147e+00
1.376698661556097658e+00
1.382296035304259263e+00
1.395530289121420964e+00
1.420009365063683138e+00
1.596231218006684660e+00
1.547440785741919678e+00
1.503621081298616602e+00
1.465150216427770546e+00
1.433786829908550997e+00
1.410211414278711217e+00
1.393342232676729076e+00
1.381695587198242592e+00
1.374255079395629853e+00
1.370420301849072153e+00
1.369245613225573255e+00
1.368895814922848508e+00
1.367534708524230425e+00
1.364695569943085829e+00
1.361627884526052323e+00
1.360641634301870129e+00
1.364229414216187708e+00
1.375320468391005857e+00
1.398096614639738000e+00
1.591260123967425777e+00
1.542159212600334062e+00
1.497964132576947716e+00
1.459187754797991232e+00
1.427558863435447911e+00
1.403671276858037720e+00
1.386329327834104230e+00
1.373932474496014855e+00
1.365554278291861046e+00
1.360873870029756461e+00
1.359009495115049537e+00
1.357832837667822812e+00
1.355258946793492125e+00
1.350871740233838381e+00
1.346006650923230463e+00
1.342924564527852471e+00
1.344226787740522955e+00
1.353301421792161729e+00
1.374854545618765300e+00
1.587173345356718057e+00
1.537340857516969583e+00
1.492398105890029747e+00
1.453044987731099136e+00
1.420772709275959000e+00
1.396047785770138105e+00
1.377782130362462443e+00
1.364373548886874676e+00
1.354875405486200002e+00
1.349140449352182358e+00
1.346363042387970221e+00
1.344182247330349966e+00
1.340299523398369885e+00
1.334269507267524801e+00
1.327307758165156226e+00
1.321553635790890802e+00
1.320014447412275915e+00
1.326957129877897934e+00
1.347735564761846527e+00
1.583172647749861550e+00
1.532234301172045399e+00
1.486210750112331613e+00
1.445855742849293302e+00
1.412426838334297274e+00
1.386371867207692121e+00
1.366774767878310648e+00
1.352019775731658102e+00
1.341084885212428635e+00
1.333956367857148217e+00
1.329996828666982545e+00
1.326797799911004994e+00
1.321825534220602005e+00
1.314253060380248694e+00
1.304823275434295216e+00
1.295549897822941610e+00
1.290182833368464843e+00
1.294386139352652787e+00
1.314673767358972345e+00
1.579084088208897008e+00
1.526776554276371156e+00
1.479598216170984637e+00
1.438085794404891704e+00
1.403234790488468775e+00
1.375413784110713911e+00
1.353722398173894392e+00
1.336652399689887361e+00
1.323483658003947738e+00
1.314582792776255893e+00
1.309570787966948480e+00
1.306017526338902002e+00
1.300851974460426774e+00
1.292203298871130723e+00
1.279875145307213025e+00
1.265832223295682013e+00
1.255022498313178581e+00
1.255291484901596588e+00
1.275271552919436724e+00
1.576025870684945485e+00
1.522310776146699629e+00
1.474199931052603274e+00
1.431683430464885110e+00
1.395268848530835992e+00
1.364972457546107076e+00
1.339775680773636957e+00
1.318717539842991560e+00
1.302128609421378869e+00
1.291168064880978905e+00
1.285733121731293060e+00
1.283205638219477862e+00
1.279474658561708722e+00
1.270812031179653800e+00
1.255521354861427463e+00
1.235563370861421095e+00
1.217621363311749416e+00
1.212702399581371271e+00
1.232648316462019222e+00
1.576427329786950882e+00
1.521542960806467226e+00
1.472776421890252152e+00
1.429344727732625664e+00
1.390991107205456823e+00
1.357152114667498299e+00
1.326790253807598852e+00
1.300037587964598673e+00
1.278908645698568991e+00
1.265684415896429105e+00
1.260578503621806457e+00
1.260629837722851754e+00
1.260238656343930952e+00
1.253146839153032710e+00
1.235656994488733229e+00
1.209702334793338441e+00
1.184147738282246731e+00
1.173873423861190091e+00
1.194457169704191690e+00
1.583185234196034408e+00
1.527557735312564002e+00
1.478260611183169981e+00
1.433797252469138028e+00
1.393033442786193676e+00
1.354800943232200794e+00
1.318294339351957278e+00
1.285018431799841210e+00
1.258809044444049619e+00
1.243202488439160813e+00
1.238871055443471203e+00
1.242479174428165134e+00
1.246751676771847173e+00
1.242746649876676601e+00
1.224705216603711566e+00
1.194567612356584707e+00
1.163438239067374980e+00
1.149786554804163474e+00
1.172143050492122862e+00
1.598850963521511126e+00
1.543150346284376973e+00
1.493425679739830425e+00
1.447871072408131621e+00
1.404677869704884507e+00
1.362290747085419307e+00
1.320368416331089811e+00
1.281599308456200514e+00
1.251134430151350063e+00
1.233497314598264172e+00
1.229835173294902440e+00
1.236523282523231071e+00
1.245016155991672369e+00
1.244571728924766196e+00
1.228175805835524326e+00
1.197888461554916351e+00
1.166226197523035246e+00
1.153302688269151055e+00
1.178241695132947520e+00
1.625005849064184993e+00
1.570433613721913257e+00
1.520756909132355172e+00
1.474487411994263031e+00
1.429732347294444539e+00
1.385039160993580154e+00
1.340657242357239598e+00
1.299824777798148645e+00
1.267891668776707448e+00
1.249469753987358267e+00
1.245790652098615059e+00
1.253190977397194983e+00
1.263103975887667874e+00
1.265021003162409841e+00
1.252276833277012891e+00
1.227075879121924284e+00
1.201500201937221179e+00
1.193969863200308623e+00
1.220869098333118963e+00
1.738084495910040772e+00
1.694530935671550997e+00
1.659304896979543642e+00
1.633066795505103252e+00
1.615069008576530685e+00
1.603191661776159904e+00
1.595025299150503173e+00
1.589428782496294934e+00
1.586484548830444208e+00
1.586350308170064949e+00
1.588955553637152462e+00
1.594241888915099103e+00
1.601786296188072667e+00
1.610762990456635624e+00
1.621135974355938814e+00
1.634362280334869411e+00
1.652405624913868554e+00
1.676743959920135474e+00
1.708192233934326287e+00
1.701362712742837457e+00
1.653863717703896175e+00
1.615468974312263217e+00
1.586753583839887849e+00
1.567088302166269598e+00
1.554251989113541566e+00
1.545469136950670341e+00
1.539424903378042053e+00
1.536236189447228284e+00
1.535964235124128274e+00
1.538391338048629597e+00
1.543504998156427499e+00
1.550893797905595450e+00
1.559517860352757745e+00
1.569341972799012996e+00
1.582316121979312928e+00
1.600884335008904369e+00
1.626699674100857473e+00
1.660804115816046700e+00
1.674512170710972025e+00
1.624814411756132948e+00
1.584021014520911708e+00
1.552706842382667762e+00
1.530594298702342648e+00
1.515883589556401567e+00
1.505934731897108581e+00
1.499252602968832226e+00
1.495680830257966498e+00
1.495070162496922705e+00
1.497030554832301519e+00
1.501415843164368491e+00
1.507811998701939160e+00
1.515330667861760627e+00
1.524211112738185880e+00
1.536746895843398963e+00
1.555614804306082677e+00
1.582495168208127634e+00
1.618426453170576762e+00
1.656503998142142997e+00
1.605980753236241565e+00
1.563575763473877833e+00
1.529916521873168067e+00
1.505119195639156082e+00
1.488104365629257630e+00
1.476765641354346847e+00
1.469430479534292289e+00
1.465421677795282873e+00
1.464343817774978573e+00
1.465641027590951051e+00
1.468803613902704308e+00
1.473361317961686234e+00
1.478976570447443795e+00
1.486435845471117734e+00
1.498143492568841717e+00
1.516768167806217038e+00
1.544066826573753382e+00
1.581059961460594909e+00
1.644767557270954139e+00
1.594345066885107798e+00
1.551119612714578766e+00
1.515793960898035753e+00
1.488780908446247331e+00
1.469699966476749164e+00
1.457123337892036519e+00
1.449283997675598012e+00
1.444933236057322379e+00
1.443402734960051781e+00
1.443937310903832927e+00
1.445534253934457336e+00
1.447650605255304868e+00
1.450719094924034946e+00
1.456202004126390559e+00
1.466456030779705433e+00
1.484025842729235656e+00
1.510882714995483100e+00
1.548163657574016083e+00
1.636179367660768103e+00
1.586240415975016083e+00
1.542915171542107000e+00
1.506967500230582901e+00
1.478896333219511749e+00
1.458658671662493855e+00
1.445323848845781800e+00
1.437182535643661385e+00
1.432611034958364282e+00
1.430674815638127928e+00
1.430388375009810975e+00
1.430315579078244692e+00
1.429839240814712253e+00
1.430029919426922369e+00
1.432942654931851134e+00
1.440954557919532641e+00
1.456604388888018908e+00
1.482182740810158439e+00
1.519055550305703717e+00
1.628457664150487538e+00
1.578919317136191047e+00
1.535995320615910931e+00
1.500466389274881962e+00
1.472709736746131703e+00
1.452538068787643244e+00
1.439125349001594723e+00
1.430928221420538327e+00
1.426234557882887666e+00
1.423871131916357946e+00
1.422640802647323177e+00
1.420914165594483247e+00
1.418032986998557288e+00
1.415331613603930894e+00
1.415233311245707393e+00
1.420363797449469612e+00
1.433491816478770442e+00
1.457211839291089550e+00
1.493136359383179901e+00
1.621260104841564020e+00
1.571957349132279802e+00
1.529609598753684185e+00
1.494964541454401052e+00
1.468278445334251447e+00
1.449006018386616468e+00
1.436100568579377956e+00
1.428144000305676675e+00
1.423462764385798218e+00
1.420619863063773192e+00
1.418242114741930404e+00
1.414797502502706195e+00
1.409704246395866889e+00
1.404272365748318485e+00
1.401094934003789483e+00
1.403200905471504001e+00
1.413674436858692207e+00
1.435264925219019272e+00
1.469823527982696554e+00
1.615607774970250432e+00
1.566518590968740909e+00
1.524609995309688992e+00
1.490595393229536825e+00
1.464818145008172756e+00
1.446514066762363493e+00
1.434298200410923041e+00
1.426705122818711979e+00
1.422049366128857351e+00
1.418637571821840027e+00
1.414968624757920956e+00
1.409731791337128781e+00
1.402496270352518115e+00
1.394488050475229057e+00
1.388408475052855140e+00
1.387676827301657978e+00
1.395606884116673552e+00
1.414991432837088281e+00
1.447967555830967701e+00
1.612407757097085170e+00
1.563547825079704356e+00
1.521770762475967764e+00
1.487817991854650135e+00
1.462288407876588980e+00
1.444426305701754343e+00
1.432547371512362666e+00
1.424967332502414585e+00
1.419945102905729284e+00
1.415723404751832781e+00
1.410776542583191739e+00
1.403862991439064567e+00
1.394553682061259403e+00
1.384022928622701931e+00
1.375114638790541077e+00
1.371551977857917715e+00
1.376856135199378883e+00
1.394011662932131745e+00
1.425556951753043977e+00
1.611722791273254796e+00
1.563045500028914736e+00
1.521055646207262191e+00
1.486569856675368229e+00
1.460440521563752814e+00
1.442100391358857703e+00
1.429749085180851198e+00
1.421432309882794787e+00
1.415348812146335122e+00
1.409924608480589647e+00
1.403721352201314332e+00
1.395299216649620533e+00
1.383974581156510730e+00
1.370892758765895447e+00
1.359054574372014379e+00
1.352381169055131949e+00
1.354728236434217692e+00
1.369663564395566802e+00
1.400297116038661915e+00
1.612806199434744681e+00
1.564185613103160843e+00
1.521638315386772966e+00
1.486020106869792690e+00
1.458359913638376026e+00
1.438457622090276278e+00
1.424698079401759188e+00
1.414927931233092684e+00
1.407215206572743016e+00
1.400200041041685273e+00
1.392551503338671726e+00
1.382512455075575630e+00
1.369061434355675733e+00
1.353330153947345904e+00
1.338390699911111259e+00
1.328236404934687753e+00
1.327239835089908393e+00
1.339998932640453777e+00
1.370433233785244287e+00
1.614352977398067601e+00
1.565481942451893538e+00
1.522100180081858101e+00
1.485018849994149237e+00
1.455323596292080524e+00
1.433208730926069707e+00
1.417422113489697821e+00
1.405746448979706020e+00
1.396090392386130752e+00
1.387190322899578998e+00
1.377777089699453672e+00
1.365856864670032866e+00
1.350132754877025221e+00
1.331603312753238288e+00
1.313190631638267769e+00
1.298915461658739945e+00
1.293955090445316758e+00
1.304416321848359095e+00
1.335379115446855058e+00
1.615340799291128393e+00
1.565733119110235494e+00
1.521483497951107822e+00
1.483268523147859730e+00
1.451976435496982853e+00
1.427861963811839940e+00
1.409885029772351750e+00
1.395953612106444641e+00
1.384069681719801270e+00
1.373102088595055781e+00
1.361838200468013405e+00
1.348160334714946007e+00
1.330429135504336280e+00
1.309088898088162090e+00
1.286557229413528791e+00
1.267009984443171700e+00
1.256936391282625909e+00
1.264570735835196524e+00
1.296640757415300049e+00
1.616312076061316994e+00
1.565651875769799695e+00
1.520858702121719697e+00
1.482338901130139330e+00
1.450440911590626270e+00
1.424980224996891698e+00
1.404839712964849774e+00
1.388299680821674764e+00
1.373919871615102650e+00
1.360913872304755579e+00
1.348166209916620062e+00
1.333470875298952141e+00
1.314609738072300971e+00
1.290887379793470346e+00
1.263814669460513018e+00
1.237894293793593725e+00
1.221468510862431245e+00
1.225534753979041991e+00
1.258973315914903246e+00
1.619696394882498058e+00
1.568195531876291682e+00
1.523421784253958799e+00
1.485329202379056746e+00
1.453493426118220633e+00
1.427040908929436469e+00
1.404691499281561118e+00
1.385330211297595371e+00
1.368413002374639253e+00
1.353664681218441634e+00
1.340109994032284479e+00
1.325459218181431309e+00
1.306731543107986226e+00
1.281704968533652789e+00
1.250700863361075443e+00
1.218555419102791193e+00
1.195633551067488920e+00
1.195911346881166626e+00
1.230599845618393307e+00
1.628744002750044606e+00
1.577095678119547095e+00
1.532867793834497228e+00
1.495483906304877486e+00
1.463745594777171810e+00
1.436191134455437446e+00
1.411532287593965318e+00
1.389369251292253082e+00
1.370105658914611002e+00
1.354037048531241849e+00
1.340396291058648659e+00
1.326828892270521587e+00
1.309591190193210686e+00
1.284980754235580225e+00
1.252147799337590239e+00
1.216082286435608228e+00
1.188700889976425312e+00
1.186261941195364766e+00
1.221715267950758799e+00
1.646308766579277716e+00
1.595516781129976414e+00
1.552176746730663748e+00
1.515378668506585980e+00
1.483418886714314544e+00
1.454549915072621546e+00
1.427686783016579142e+00
1.403082695487062992e+00
1.381907120080568818e+00
1.364999597239948237e+00
1.351861477091426789e+00
1.340099572160794450e+00
1.325431731881296260e+00
1.303228645214018933e+00
1.271910235111121334e+00
1.236367573091387229e+00
1.208913355444090509e+00
1.206239223921353965e+00
1.241449598631741313e+00
1.673925291130208715e+00
1.625313910932366213e+00
1.583166110789583136e+00
1.546700553127209110e+00
1.514242929578987651e+00
1.484185127253214276e+00
1.455809651616124967e+00
1.429799162742311225e+00
1.407695896868764507e+00
1.390643454209673724e+00
1.378332194571515679e+00
1.368409396458623251e+00
1.356584662848424827e+00
1.338296027106757879e+00
1.311998179404894715e+00
1.282215778155132213e+00
1.260081450973134398e+00
1.260178813643061391e+00
1.293519576591866338e+00
1.732516255300933228e+00
1.685151700409256215e+00
1.648176068679069850e+00
1.621830910434444384e+00
1.604424811834016307e+00
1.593164841491605976e+00
1.585368037689431908e+00
1.579759766406527488e+00
1.576434743944805206e+00
1.575880912052821881e+00
1.578476805011427508e+00
1.584302872023104714e+00
1.592745390835177410e+00
1.602842525921541750e+00
1.614651395506324860e+00
1.629807391505804226e+00
1.650499879824499860e+00
1.678513180339421540e+00
1.714730776178943206e+00
1.694202116741928332e+00
1.642031655804047974e+00
1.601441145174163916e+00
1.572605644765717070e+00
1.553742151116269898e+00
1.541660838993662797e+00
1.533130856220195737e+00
1.526711914561513561e+00
1.522662201223404121e+00
1.521536319152421823e+00
1.523704808185272874e+00
1.529325420102770172e+00
1.537671278011709219e+00
1.547391951118405773e+00
1.558492016409464664e+00
1.573231263766295296e+00
1.594555929261701976e+00
1.624734393002457811e+00
1.664987747055378664e+00
1.668584986720443197e+00
1.614208756261406918e+00
1.571089130443905191e+00
1.539644817635040797e+00
1.518490697994973937e+00
1.504586304967705956e+00
1.494622371840871544e+00
1.487122432873964506e+00
1.482318420984771956e+00
1.480555353931906737e+00
1.481927616631641742e+00
1.486522124147246160e+00
1.493690803996519323e+00
1.502096609103904523e+00
1.511837578914914548e+00
1.525616721217403882e+00
1.546976482076921178e+00
1.578535558469070788e+00
1.621538139129301781e+00
1.653672107607230934e+00
1.599139124092670894e+00
1.554785336909707993e+00
1.521206857416103730e+00
1.497487546491953037e+00
1.481162391281475976e+00
1.469399832226135905e+00
1.460842048488442568e+00
1.455466450608583706e+00
1.453169422581338965e+00
1.453542142328715148e+00
1.456375165576837549e+00
1.461231899774699583e+00
1.467299668517849431e+00
1.475024565064309900e+00
1.487288335055534150e+00
1.507956313268185244e+00
1.539963789341730394e+00
1.584503492327938634e+00
1.645528342899732266e+00
1.592021092194612075e+00
1.547619605325053271e+00
1.512822335014117225e+00
1.486986417401321869e+00
1.468415761995824464e+00
1.455092216311440811e+00
1.445802200047690222e+00
1.440079612595792868e+00
1.437324115168676197e+00
1.436622095045713809e+00
1.437300360432930191e+00
1.439072561268716299e+00
1.441942861803136910e+00
1.446975703359343335e+00
1.457110344826320514e+00
1.476301401072527275e+00
1.507803157560041019e+00
1.552866996287480594e+00
1.640234175134364980e+00
1.587983579691139902e+00
1.544238328520076919e+00
1.509254901857894460e+00
1.482448504182672711e+00
1.462719777527388354e+00
1.448710338120836827e+00
1.439196788868067012e+00
1.433229020757006644e+00
1.429896409327645834e+00
1.428038281826211620e+00
1.426535710948085844e+00
1.425029248850155472e+00
1.424217293548217134e+00
1.425907935586680164e+00
1.433230284986896752e+00
1.450208375054327758e+00
1.480411264572035979e+00
1.525272703041049116e+00
1.635307745284313441e+00
1.583833072917882223e+00
1.540892037396039971e+00
1.506606791716996518e+00
1.480288839422125191e+00
1.460938358962380779e+00
1.447349896125727842e+00
1.438142229018968044e+00
1.432011616081822591e+00
1.427931761017464218e+00
1.424758667614361318e+00
1.421145226818046226e+00
1.416530687421282853e+00
1.411946973563776631e+00
1.409848895740803520e+00
1.413788797286820609e+00
1.428013799171124587e+00
1.456383672691866416e+00
1.500565600679304445e+00
1.630449340959734483e+00
1.579179210912040610e+00
1.536895876876473555e+00
1.503785392016554257e+00
1.478964697115113580e+00
1.461047772824793034e+00
1.448561100844806937e+00
1.440009402917530767e+00
1.433921810839764444e+00
1.429112324041268867e+00
1.424456700053163161e+00
1.418663677773877474e+00
1.411119929744638846e+00
1.402933713590012843e+00
1.396971697917305466e+00
1.397305023640738941e+00
1.408525630203537604e+00
1.434736941567193558e+00
1.477858695615382301e+00
1.626912956147306799e+00
1.575641021915159534e+00
1.533791256184222851e+00
1.501750420361825489e+00
1.478490001504009221e+00
1.462084306597569716e+00
1.450671820260080125e+00
1.442769251433522637e+00
1.436854796489962727e+00
1.431419185805508310e+00
1.425191555738737126e+00
1.417097383096064256e+00
1.406706987332448922e+00
1.395144669162902140e+00
1.385473651931161232e+00
1.382213652427084050e+00
1.390331398935074070e+00
1.414173686507826488e+00
1.455961872766057041e+00
1.626064158106788948e+00
1.574934269438203582e+00
1.533248753964352451e+00
1.501659980111745174e+00
1.479217170817695992e+00
1.463675134626734708e+00
1.452841062123160665e+00
1.445194819176752521e+00
1.439163726456287318e+00
1.432946975381836907e+00
1.425094103519678246e+00
1.414692316542933037e+00
1.401493489283033522e+00
1.386624279672415749e+00
1.373249595825655422e+00
1.366259025608532740e+00
1.371060434537517470e+00
1.392403535923824265e+00
1.432913801507115448e+00
1.628372345581482694e+00
1.577676514045630363e+00
1.535881835754435265e+00
1.503886168291615366e+00
1.481105891225273030e+00
1.465420671166507205e+00
1.454450847487720688e+00
1.446414687553399192e+00
1.439585250559600071e+00
1.432099758737905404e+00
1.422476490962841789e+00
1.409766303856168967e+00
1.393661642409002921e+00
1.375260768635418795e+00
1.357849353260845771e+00
1.346674906421179374e+00
1.347753795252571996e+00
1.366582384690242513e+00
1.406363708773207266e+00
1.633129861940223915e+00
1.583094930358390995e+00
1.541019984111282604e+00
1.507900754247923913e+00
1.483652781397853060e+00
1.466695879799001290e+00
1.454720581059609330e+00
1.445562702785921250e+00
1.437222589673486262e+00
1.427921519380879634e+00
1.416244705194960707e+00
1.401019414233641402e+00
1.381676160265721043e+00
1.359285016861350837e+00
1.337281732124298239e+00
1.321272584760942337e+00
1.318116179783390907e+00
1.334529589434729324e+00
1.374564401757282006e+00
1.638765589305053672e+00
1.589285317020744381e+00
1.546887485179273769e+00
1.512460124076495882e+00
1.486230902749762217e+00
1.467225731495292340e+00
1.453433014870615381e+00
1.442460698876848468e+00
1.432073361369065934e+00
1.420565819664330265e+00
1.406540069446462038e+00
1.388521811704484854e+00
1.365622844976976502e+00
1.338823477162899511e+00
1.311607188666960910e+00
1.289948277581768332e+00
1.281891822822865956e+00
1.295965569539719864e+00
1.337437044814254739e+00
1.643949199967213559e+00
1.594516158956965413e+00
1.551822675408849550e+00
1.516529163477310593e+00
1.488760749901717473e+00
1.467761755349593855e+00
1.451780888724948149e+00
1.438488163920710772e+00
1.425681711531828766e+00
1.411764615915578336e+00
1.395311175820229233e+00
1.374572630854143052e+00
1.348279889946760068e+00
1.317031880621837292e+00
1.284075408877598967e+00
1.255828934690176979e+00
1.242020266398968342e+00
1.253651688127504382e+00
1.297602781129779004e+00
1.648961725119576283e+00
1.599073628622991183e+00
1.556212234688941098e+00
1.520791549770470930e+00
1.492472527348163824e+00
1.470197399893052870e+00
1.452222515374287148e+00
1.436484432083788843e+00
1.421155434303244647e+00
1.404902674168970744e+00
1.386339012035634033e+00
1.363517227010775823e+00
1.334646288520356716e+00
1.299508975214151318e+00
1.260776899740994050e+00
1.225410811262909183e+00
1.205247883422131405e+00
1.214244774069497712e+00
1.261162246681975851e+00
1.655993454533403852e+00
1.605685088093570023e+00
1.563012860882884159e+00
1.528119651711605353e+00
1.500065585881092289e+00
1.477243386702832728e+00
1.457751385695410740e+00
1.439870742501564438e+00
1.422343653395855778e+00
1.404236081092700150e+00
1.384297748934936179e+00
1.360458354846415752e+00
1.330315917768872147e+00
1.292584706901467761e+00
1.249175840367850121e+00
1.207552061275359634e+00
1.181590448521278702e+00
1.188047268088446851e+00
1.237464599274656463e+00
1.668151531971555857e+00
1.618137617224983726e+00
1.576251985593555283e+00
1.542322894158090874e+00
1.514867361249963684e+00
1.491826871200253368e+00
1.471219750515917912e+00
1.451712051423667660e+00
1.432634345444564250e+00
1.413477706830900349e+00
1.393176095688168914e+00
1.369598228514812277e+00
1.339827689073753270e+00
1.301661326297278487e+00
1.256331930526042306e+00
1.211517771499927454e+00
1.182273002720843902e+00
1.186969489504404507e+00
1.237205410550979323e+00
1.688275991152193622e+00
1.639813469959477077e+00
1.599391676431760612e+00
1.566602096372343489e+00
1.539661557182347540e+00
1.516368798410639540e+00
1.494891140642836680e+00
1.474307607976916623e+00
1.454438397666523164e+00
1.435130575194151881e+00
1.415498100124823022e+00
1.393434321558256750e+00
1.365825673573672461e+00
1.330087993900407106e+00
1.287099335732658334e+00
1.244256793651529414e+00
1.216192211096097431e+00
1.220645201233315102e+00
1.268812865441587112e+00
1.717816422449652158e+00
1.672506737057534165e+00
1.634159810072892238e+00
1.602433116242281130e+00
1.575701723256921039e+00
1.552039875500232036e+00
1.529997872540480586e+00
1.509023543111705834e+00
1.489213479004887430e+00
1.470594809860175101e+00
1.452415326631236514e+00
1.432747264235427087e+00
1.408770189183210064e+00
1.378243611323392237e+00
1.342101893622217101e+00
1.306898072684771428e+00
1.285031417068800419e+00
1.291009059688559946e+00
1.333707821494314771e+00
1.756780300829875685e+00
1.710867894760306207e+00
1.674698019997332255e+00
1.648370736631400657e+00
1.630211519966231926e+00
1.617849214046712003e+00
1.609120616752280908e+00
1.602849526761229715e+00
1.598929613320861476e+00
1.597789189423286293e+00
1.599863291847082314e+00
1.605205898353968541e+00
1.613289453384756600e+00
1.623479663404090445e+00
1.636010896415850624e+00
1.652302068442128791e+00
1.674270583069442431e+00
1.703544597432986585e+00
1.740711348860692897e+00
1.720069330456033718e+00
1.669223388877988157e+00
1.629340789196597861e+00
1.600439717164795050e+00
1.580665225042575450e+00
1.567280345587098722e+00
1.557663509682156056e+00
1.550432344030082676e+00
1.545562432077269621e+00
1.543604997351450958e+00
1.545076507224460993e+00
1.550073739151922814e+00
1.557929689333350076e+00
1.567733069081571617e+00
1.579728895535813082e+00
1.595854142109529361e+00
1.618735156761447858e+00
1.650588172665427233e+00
1.692332923642344777e+00
1.695507382917937678e+00
1.642284903041850264e+00
1.599801515290480536e+00
1.568366780258767967e+00
1.546468137255882613e+00
1.531410875071744115e+00
1.520398269152030135e+00
1.511969847826194036e+00
1.506114383327289419e+00
1.503270490996458486e+00
1.503760352619494922e+00
1.507622031677485763e+00
1.514241465041138657e+00
1.522724152254453456e+00
1.533420987738247199e+00
1.548683891545790559e+00
1.571732659087839767e+00
1.605210766969729086e+00
1.650098609013769257e+00
1.681215905747271311e+00
1.627680252909092129e+00
1.583962647146430092e+00
1.550630615234272369e+00
1.526610388220586589e+00
1.509538077490976793e+00
1.496832798669501363e+00
1.487164663281487220e+00
1.480470809908858598e+00
1.476861249060226644e+00
1.476193242801343564e+00
1.478265499799549243e+00
1.482644290886890648e+00
1.488810900311629215e+00
1.497414002540593314e+00
1.511098893977532054e+00
1.533499220290183152e+00
1.567576444526569857e+00
1.614264243959299350e+00
1.673508615443296321e+00
1.620890139615537073e+00
1.577216441933256608e+00
1.543001489246801583e+00
1.517395344384321776e+00
1.498513170800042982e+00
1.484294612208677311e+00
1.473631662261034592e+00
1.466303695530199569e+00
1.462021507764043715e+00
1.460127516087204480e+00
1.460053361712976061e+00
1.461508862046597912e+00
1.464552968247537779e+00
1.470340878121391581e+00
1.481770474543851579e+00
1.502728377664060755e+00
1.536444694679291789e+00
1.583859006710394368e+00
1.668864726841435386e+00
1.617504356316490588e+00
1.574641464063849750e+00
1.540497791745746969e+00
1.514226154892488019e+00
1.494388163213323573e+00
1.479436496473649498e+00
1.468336895353448579e+00
1.460567525737314520e+00
1.455529042272063922e+00
1.452271263646262689e+00
1.449915252064548854e+00
1.448183939784967622e+00
1.447655757701067802e+00
1.450086172779293525e+00
1.458678889252936317e+00
1.477514642147983670e+00
1.510090830179661614e+00
1.557477728785213289e+00
1.665054517624214192e+00
1.614579138844967954e+00
1.572656712022918013e+00
1.539252355511429027e+00
1.513396608396785581e+00
1.493835907949324859e+00
1.479233068228978487e+00
1.468400928200882749e+00
1.460428405993057455e+00
1.454505901283414726e+00
1.449658597757191636e+00
1.444918423369422111e+00
1.439980275168847523e+00
1.435746213139396765e+00
1.434496566954808205e+00
1.439809329716827513e+00
1.456009376337594308e+00
1.486900008778720084e+00
1.533793257948526723e+00
1.661608587645329482e+00
1.611425344853366415e+00
1.570219557115901665e+00
1.537916942363761974e+00
1.513344637336871079e+00
1.495047032499791539e+00
1.481555896135746231e+00
1.471477547358505555e+00
1.463564568159025470e+00
1.456776109695983257e+00
1.450171058100426347e+00
1.442914613654110667e+00
1.434793893444515689e+00
1.426887806884464815e+00
1.421824477404747711e+00
1.423565292915256908e+00
1.436772723707095079e+00
1.465616032840180383e+00
1.511716536633353813e+00
1.659451666415170168e+00
1.609246863512802106e+00
1.568498704509822872e+00
1.537309967823820678e+00
1.514291336236317509e+00
1.497514151812478156e+00
1.485194692782982662e+00
1.475849080423062620e+00
1.468055911920505219e+00
1.460478065593540542e+00
1.452084040251947261e+00
1.442244542176033706e+00
1.430970516301122597e+00
1.419457766193931825e+00
1.410521490436495329e+00
1.408480422764867068e+00
1.418432415984465012e+00
1.444986801833191059e+00
1.490111376732469406e+00
1.659856378509556141e+00
1.609748422363561859e+00
1.569249062446320231e+00
1.538763205909131626e+00
1.516837838095347113e+00
1.501108859107973759e+00
1.489451063075412307e+00
1.480347707072177554e+00
1.472337856734367012e+00
1.463840729891954018e+00
1.453653478517791697e+00
1.441256887609177140e+00
1.426843836817435207e+00
1.411679448367691325e+00
1.398704699762564729e+00
1.392615113802191829e+00
1.399065063130917164e+00
1.423217134059201472e+00
1.467424014163757784e+00
1.663412980790240026e+00
1.613786535570788105e+00
1.573371990001223519e+00
1.542872847344092024e+00
1.521054780377572246e+00
1.505454452933875586e+00
1.493702669159576502e+00
1.484150444347769771e+00
1.475298687604558179e+00
1.465478908188766249e+00
1.453365540829402835e+00
1.438374885739718723e+00
1.420684149285747822e+00
1.401575395761323728e+00
1.384158231407695450e+00
1.373589837021190085e+00
1.376246864529101721e+00
1.398044726267372750e+00
1.441809105563049087e+00
1.669577259375258915e+00
1.620784747445233709e+00
1.580387565268130068e+00
1.549235746895522903e+00
1.526499000837145070e+00
1.510013365901352600e+00
1.497373518379798929e+00
1.486702320747108397e+00
1.476378672785529034e+00
1.464751384303635273e+00
1.450435353717904219e+00
1.432629443046101292e+00
1.411307964335072995e+00
1.387738771229218404e+00
1.365262910321705547e+00
1.349595617853944773e+00
1.348062872297262516e+00
1.367673064542164640e+00
1.411911998128002610e+00
1.677013565221236124e+00
1.629093563383000598e+00
1.588754625647646801e+00
1.556762763847217901e+00
1.532593124635077686e+00
1.514537862470660468e+00
1.500362324685313276e+00
1.488020353965491482e+00
1.475747991836716899e+00
1.461929542441574359e+00
1.445130097260439062e+00
1.424260725295048324e+00
1.398991992309174703e+00
1.370504518950593553e+00
1.342328818429157300e+00
1.320807742486073799e+00
1.314539011231617760e+00
1.332124666313536210e+00
1.377997095393407534e+00
1.684635390281731260e+00
1.637263489409770179e+00
1.597051123429451991e+00
1.564515236649241636e+00
1.539129825550383135e+00
1.519460512582250233e+00
1.503482217553989253e+00
1.489130290361349696e+00
1.474612603746841000e+00
1.458396458276577157e+00
1.439032284261920980e+00
1.415164515311503113e+00
1.386078109962578075e+00
1.352654027725348485e+00
1.318417435764047463e+00
1.290387291781002643e+00
1.278820021027465614e+00
1.294463158771047784e+00
1.342992536367170420e+00
1.692659808026228951e+00
1.645459686635997176e+00
1.605456156667397938e+00
1.572884318788778213e+00
1.546944313552828909e+00
1.526152059840440778e+00
1.508558215491166310e+00
1.492184966640654142e+00
1.475392657082552184e+00
1.456863674325483915e+00
1.435243893756692035e+00
1.408980280818572295e+00
1.376863689487190623e+00
1.339181011672470945e+00
1.299202560798855544e+00
1.264630586195566897e+00
1.247626044528337808e+00
1.261393487199645058e+00
1.312994849486341042e+00
1.702795056627878667e+00
1.655773340499289370e+00
1.616209304096908772e+00
1.584094393213266727e+00
1.558253773961439048e+00
1.536949614759131721e+00
1.518180372101115561e+00
1.500109456445547940e+00
1.481398842370123647e+00
1.461077302961947488e+00
1.437990671586269809e+00
1.410448348381956540e+00
1.376687055341407895e+00
1.336237357431407036e+00
1.291968051836548614e+00
1.252140935740824190e+00
1.230602763402487865e+00
1.242710336480103539e+00
1.296721212115583555e+00
1.717516011495327177e+00
1.671279683387081771e+00
1.632646116139830683e+00
1.601412806435023040e+00
1.576084720990161392e+00
1.554680306802881384e+00
1.535171009101960138e+00
1.515939636382901190e+00
1.496027942602766725e+00
1.474841063634714677e+00
1.451437180367569413e+00
1.424039513151161174e+00
1.390443312291284261e+00
1.349565382738160846e+00
1.303901780894795692e+00
1.261916977030810294e+00
1.238228165956632099e+00
1.249163172487616880e+00
1.303532199171542061e+00
1.739076246455549812e+00
1.694797447674151858e+00
1.657786535153896956e+00
1.627747996310320744e+00
1.603073723773739356e+00
1.581740034526065042e+00
1.561860138302404666e+00
1.542129022201429445e+00
1.521944780058575475e+00
1.500985950676922531e+00
1.478457948569087188e+00
1.452608024459892899e+00
1.421135801794983777e+00
1.382786228899346881e+00
1.339837713814731934e+00
1.300360394082062054e+00
1.278204198046683615e+00
1.288688700290626876e+00
1.340076725962812132e+00
1.768442130842675208e+00
1.727605655969174592e+00
1.692928534748787239e+00
1.664241236348329434e+00
1.640176864550228153e+00
1.618992194916288874e+00
1.599145655459937032e+00
1.579667910957157417e+00
1.560169758062695866e+00
1.540411361159674364e+00
1.519676743896754001e+00
1.496435367164040464e+00
1.468773557810594488e+00
1.435808608825884569e+00
1.399760103488942420e+00
1.367629329445414932e+00
1.350863878244808358e+00
1.361659854116647583e+00
1.406345680177900181e+00
