5.93649025000000
4.43793650000000
2.71206800000000
1.99587635000000
2.02778717500000
2.67810550000000
4.29414050000000
7.55742375000000
14.2205395000000
18.3847812500000
1.77684605000000
1.52203565000000
0.875515375000000
0.725166000000000
0.785795600000000
1.41649625000000
2.61726800000000
4.21018350000000
5.86166925000000
7.11003575000000
0.00206134747500000
0.00627342600000000
0.0245229845000000
0.0563710625000000
0.109616475000000
0.213163285000000
0.441338375000000
0.829247450000000
1.74202442500000
19.8015610000000
12.3399167500000
6.70660325000000
4.37233075000000
3.83746325000000
3.83407825000000
4.75488700000000
7.03773625000000
12.3162437500000
16.0400972500000
45.3276175000000
26.9849300000000
8.31702050000000
2.33055560000000
1.59077500000000
1.47344375000000
1.74910410000000
3.39313250000000
5.99009025000000
7.35606100000000
3.97998225000000
3.34143525000000
1.83187735000000
1.02230107500000
0.697525350000000
0.530265700000000
0.547731325000000
0.956766475000000
1.54950615000000
2.31591695000000
44.5976250000000
31.2038825000000
15.5942357500000
8.07822875000000
5.66061200000000
4.32043575000000
4.32207750000000
5.23696725000000
7.79847425000000
9.96270975000000
41.0071775000000
25.9297300000000
10.5699702500000
5.48102450000000
3.64825525000000
2.99631825000000
2.88759450000000
3.58267825000000
5.02958100000000
6.33441075000000
20.0001287500000
12.5374817500000
7.84769350000000
3.25170775000000
2.13413872500000
1.58904147500000
1.62546185000000
1.96814325000000
3.02580125000000
3.92872075000000
25.2864025000000
17.1662817500000
7.96150850000000
3.89343150000000
3.42315700000000
3.93369275000000
5.52340050000000
8.51189575000000
13.4969727500000
15.8771020000000
14.1005052500000
9.44899850000000
3.75262725000000
2.35652955000000
2.17830482500000
3.10755300000000
5.14427375000000
7.60686875000000
10.0994735000000
11.3888155000000
5.06266025000000
3.33892325000000
2.16967430000000
1.56785240000000
1.16149232500000
0.956753875000000
1.07672562500000
1.72024165000000
2.56015050000000
3.41885800000000
19.7453137500000
10.8996962500000
4.88127400000000
2.41060980000000
2.08748267500000
2.04453077500000
2.59447750000000
3.89496150000000
6.26930400000000
7.98250425000000
37.3543950000000
20.4813055000000
5.02112200000000
1.22199430000000
0.649409775000000
0.494068750000000
0.606373750000000
1.25908315000000
2.35748455000000
3.05599250000000
2.46136400000000
1.09041072500000
0.180817585000000
0.0525845700000000
0.0175281902500000
0.00745906525000000
0.0504898025000000
0.122513722500000
0.449687025000000
23.8723335000000
15.8901905000000
7.75018775000000
4.11809950000000
3.00163700000000
2.36144282500000
2.38897000000000
2.97299900000000
4.48305175000000
5.57226250000000
27.3733100000000
17.0622697500000
6.30966725000000
2.69109975000000
1.62578035000000
1.25878120000000
1.21537032500000
1.60025525000000
2.33410177500000
2.89758350000000
7.60277325000000
4.59826425000000
3.09918450000000
1.13387165000000
0.720248650000000
0.506882175000000
0.512756725000000
0.652943775000000
1.09557590000000
1.51461107500000
28.7768525000000
19.8150027500000
9.31853350000000
4.85499350000000
4.07067775000000
4.60970700000000
6.29037325000000
9.29230125000000
14.0911510000000
16.3243452500000
31.7752250000000
21.1713130000000
7.94590700000000
4.54474175000000
3.76652350000000
4.60598900000000
7.06313800000000
10.4903975000000
14.1894567500000
16.0146715000000
20.3934552500000
13.4068270000000
6.48622050000000
3.94938300000000
2.68257625000000
2.29448172500000
2.52762600000000
3.70722175000000
5.19041700000000
6.59866950000000
15.2934880000000
8.97641400000000
4.53922450000000
2.70927575000000
2.39525090000000
2.34843900000000
2.85544300000000
4.06635075000000
6.19753550000000
7.71495375000000
45.2926975000000
25.9212575000000
7.81439875000000
2.25408897500000
1.28914677500000
1.00135492500000
1.16013192500000
2.09513912500000
3.49957650000000
4.28671300000000
12.2948787500000
10.0482060000000
3.72214625000000
1.90216870000000
0.959307200000000
0.486487375000000
0.508678975000000
0.850281075000000
1.31530950000000
1.76583332500000
16.8729572500000
11.4413160000000
5.82041625000000
3.29047325000000
2.46042430000000
1.99920270000000
2.01572662500000
2.41931855000000
3.49328575000000
4.34297225000000
8.58439700000000
4.67179375000000
2.14999762500000
1.33815147500000
0.780797100000000
0.627274125000000
0.606099575000000
0.777835700000000
1.14303347500000
1.43816397500000
0.232397347500000
0.164266860000000
0.0800645975000000
0.0129441107500000
0.00374917825000000
0.00988405925000000
0.0344533025000000
0.109765372500000
0.283650300000000
9.61604100000000
7.15146125000000
4.19589450000000
2.87846375000000
2.66810275000000
3.38344025000000
5.16060500000000
7.80509950000000
11.4221575000000
13.1111052500000
43.0616925000000
29.5789725000000
10.2397330000000
5.08469775000000
3.60716025000000
4.06926800000000
6.47102150000000
10.3357822500000
14.8001412500000
16.8234847500000
25.1805400000000
16.1785437500000
7.52158475000000
5.27259250000000
4.01313600000000
3.62758475000000
3.91711800000000
5.75311050000000
8.10847200000000
10.2629850000000
5.05003375000000
3.31856400000000
1.93256610000000
1.32004350000000
1.20748957500000
1.23737222500000
1.63330162500000
2.47714502500000
3.82558100000000
4.75691825000000
40.5632600000000
20.9275542500000
5.50583275000000
1.27542322500000
0.679236800000000
0.547943775000000
0.691816900000000
1.46033342500000
2.73633200000000
3.56442375000000
39.5606475000000
25.4084925000000
11.0458925000000
4.77313300000000
2.53859275000000
1.33057387500000
1.22179717500000
1.99353620000000
3.04146925000000
3.90302625000000
5.66249275000000
3.48003250000000
1.59233847500000
0.881307250000000
0.704822125000000
0.612196350000000
0.662271025000000
0.855599000000000
1.38917152500000
1.86580887500000
0.814233000000000
0.284461975000000
0.0847535700000000
0.0250805150000000
0.00321214275000000
0.00932019050000000
0.0388138300000000
0.115420770000000
0.290386625000000
11.4239772500000
7.12592475000000
2.91335575000000
1.47102252500000
0.985908950000000
0.737551700000000
0.731751075000000
0.865774600000000
1.33465920000000
1.69889952500000
3.91438175000000
3.44846150000000
2.58830300000000
2.16354830000000
2.12620832500000
2.80467175000000
4.40428800000000
6.35321375000000
8.93989925000000
10.2443950000000
20.4944357500000
14.1446342500000
5.75379775000000
4.01427975000000
3.50598550000000
4.54829100000000
7.14119675000000
11.6893912500000
17.1731845000000
19.2917940000000
42.5285875000000
28.5058650000000
12.8656680000000
8.54584600000000
6.30073100000000
5.57382675000000
5.81084300000000
8.36422375000000
11.7348840000000
14.8091257500000
1.05471987500000
0.907775700000000
0.785938825000000
0.619274150000000
0.604460075000000
0.643683600000000
0.872376675000000
1.35625145000000
2.30770935000000
3.05402150000000
39.8474975000000
21.9885055000000
6.61021025000000
1.91510650000000
1.19897687500000
1.04455635000000
1.21533952500000
2.45523172500000
4.44791825000000
5.51551500000000
54.7954575000000
36.1813200000000
15.8574542500000
7.06382200000000
4.03724925000000
2.41371622500000
2.28809002500000
3.47248475000000
5.13133375000000
6.66597375000000
0.00164700382500000
0.00518216325000000
0.0146368875000000
0.0356582175000000
0.0687091525000000
0.124707317500000
0.249518102500000
0.500097625000000
1.01867145000000
3.71027200000000
2.17027750000000
1.16842340000000
0.807295500000000
0.588757500000000
0.560392100000000
0.612256975000000
0.855051675000000
1.39918937500000
1.88438100000000
27.0440125000000
16.3910057500000
7.62838250000000
3.78383475000000
2.62103850000000
2.09489255000000
2.13377935000000
2.51411575000000
3.54312325000000
4.27931300000000
0.930518825000000
0.884147025000000
0.713941550000000
0.634130250000000
0.646599350000000
0.962030125000000
1.69974250000000
2.63378950000000
4.45477300000000
5.87156450000000
5.30273975000000
4.16102025000000
2.03727450000000
1.55504905000000
1.53176072500000
2.38480752500000
4.11418950000000
7.61203150000000
12.3087990000000
14.7038170000000
15.1591195000000
10.2998837500000
6.53756850000000
5.54579825000000
4.94708350000000
4.99659550000000
5.62970375000000
9.02515600000000
13.4210125000000
16.9852937500000
0.00251925500000000
0.00755776500000000
0.0206729655000000
0.0541749700000000
0.109361447500000
0.227574315000000
0.463631700000000
1.02992762500000
1.99941885000000
22.5100945000000
13.0178220000000
4.52376200000000
1.44383777500000
0.845878225000000
0.698157925000000
0.840525075000000
1.81665365000000
3.76323200000000
5.60352150000000
73.4841075000000
51.8898975000000
23.2330207500000
9.75379450000000
5.20140850000000
2.72071125000000
2.42248352500000
3.67701750000000
5.51898750000000
7.83678625000000
2.52783175000000
1.91848355000000
1.27605707500000
0.841992450000000
0.707834575000000
0.664036500000000
0.767526000000000
1.08117232500000
1.85498885000000
2.75844525000000
11.0330112500000
6.36148700000000
3.12953150000000
1.86409357500000
1.35558957500000
1.25374905000000
1.31630795000000
1.85130542500000
3.07766875000000
4.07988750000000
39.7519400000000
23.5295272500000
11.0954142500000
5.05985250000000
3.45372525000000
2.74640250000000
2.78172200000000
3.38201175000000
5.09182700000000
6.33320025000000
0.00235991737500000
0.00707975200000000
0.0227284562500000
0.0544474325000000
0.144977010000000
0.328050750000000
0.648854400000000
1.23780497500000
2.40639415000000
2.08127852500000
1.59225277500000
0.711036000000000
0.529744025000000
0.503749200000000
0.894665925000000
1.70249420000000
3.24916650000000
5.53393000000000
7.70348375000000
7.89355825000000
5.60626475000000
3.79105225000000
3.21231600000000
2.88049825000000
2.97129375000000
3.58624675000000
6.48451725000000
10.4948060000000
13.7668417500000
0.690994600000000
0.655709300000000
0.650870025000000
0.555370700000000
0.530616125000000
0.575354125000000
0.827656375000000
1.33250620000000
2.62006150000000
3.89151125000000
24.9570035000000
14.3027865000000
5.31825925000000
1.59606650000000
0.993331250000000
0.887166100000000
1.08821830000000
2.52527000000000
5.31609275000000
7.56119575000000
57.1239625000000
37.0699400000000
17.8931235000000
7.90790025000000
4.51901350000000
2.77750325000000
2.79236100000000
4.37002475000000
6.61119775000000
9.75537575000000
6.76808375000000
5.19521575000000
3.49336550000000
2.42524620000000
2.03623550000000
1.86881615000000
2.03218622500000
2.71198375000000
4.32928775000000
5.81596475000000
20.5490040000000
12.4013117500000
5.97783675000000
3.48259475000000
2.54944100000000
2.33818227500000
2.40602767500000
3.30179400000000
5.39488550000000
7.09202800000000
59.4225250000000
36.0272550000000
16.7060460000000
7.44764400000000
4.95823025000000
3.82863350000000
3.78534950000000
4.45892425000000
6.66043175000000
8.64991400000000
1.59925607500000
1.08523515000000
0.561496550000000
0.343781075000000
0.353011375000000
0.567750100000000
1.04787115000000
1.85524340000000
3.57466950000000
5.01777000000000
0.392013500000000
0.133698287500000
0.0256674450000000
0.00549785200000000
0.00777478950000000
0.0233243682500000
0.181522672500000
0.528882650000000
1.22440375000000
3.33621325000000
2.27475515000000
1.60082832500000
1.34880590000000
1.19275447500000
1.20898440000000
1.47268857500000
2.51282800000000
4.03415700000000
5.41800125000000
2.75191425000000
2.10506985000000
1.47408650000000
1.12478377500000
1.03554650000000
1.10163552500000
1.57234615000000
2.50767450000000
5.06869025000000
6.95820525000000
21.5763197500000
12.1878922500000
4.29546400000000
1.02561447500000
0.548662725000000
0.458042025000000
0.585589575000000
1.41674570000000
3.10515725000000
4.59303950000000
36.6334750000000
22.8043810000000
11.4062715000000
5.24497450000000
2.83986475000000
1.62274060000000
1.67013335000000
2.64362525000000
4.00408450000000
5.83059225000000
11.3548032500000
8.64450700000000
5.49488100000000
3.53070675000000
2.81679450000000
2.46341350000000
2.60956425000000
3.53852300000000
5.93697975000000
8.03771475000000
42.0273325000000
25.4157000000000
10.7270842500000
5.12805050000000
2.92746700000000
2.28503242500000
2.17531647500000
2.97936125000000
4.88640525000000
6.77217125000000
57.6870650000000
35.1076725000000
16.0551665000000
6.66255325000000
4.26528675000000
3.13252050000000
3.03701250000000
3.61355200000000
5.54401425000000
7.29270375000000