0.000000
0.000000
0.000000
0.000000
0.000000
0.000000
0.000000
0.000000
0.000000
0.000000
0.000000
0.000000
0.000000
0.000000
0.000000
0.000000
0.000000
0.000000
0.000000
0.000000
0.000000
0.000000
0.000000
0.000000
0.000000
0.000000
0.000000
0.000000
0.000000
0.000000
0.000000
0.000000
0.000000
0.000000
0.000000
0.000000
0.000000
0.000000
0.000000
0.000000
0.000000
0.000000
0.000000
0.000000
0.000000
0.000000
0.000000
0.000000
0.000000
0.000000
0.000000
0.000000
0.000000
0.000000
0.000000
0.000000
0.000000
0.000000
0.000000
0.000000
0.000000
0.000000
0.000000
0.000000
0.000000
0.000000
0.000000
0.000000
0.000000
0.000000
0.000000
0.000000
0.000000
0.000000
0.000000
0.000000
0.000000
0.000000
0.000000
0.000000
0.000000
0.000000
0.000000
0.000000
0.000000
0.000000
0.000000
0.000000
0.000000
0.000000
0.000000
0.000000
0.000000
0.000000
0.000000
0.000000
0.000000
0.000000
0.000000
0.000000
0.000000
0.000000
0.000000
0.000000
0.000000
0.000000
0.000000
0.000000
0.000000
0.000000
0.000000
0.000000
0.000000
0.000000
0.000000
0.000000
0.000000
0.000000
0.000000
0.000000
0.000000
0.000000
0.000000
0.000000
0.000000
0.000000
0.000000
0.000000
0.000000
0.000000
0.000000
0.000000
0.000000
0.000000
0.000000
0.000000
0.000000
0.000000
0.000000
0.000000
0.000000
0.000000
0.000000
0.000000
0.000000
0.000000
0.000000
0.000000
0.000000
0.000000
0.000000
0.000000
0.000000
0.000000
0.000000
0.002211
0.002186
0.002316
0.002548
0.002805
0.003015
0.003142
0.003202
0.003229
0.003232
0.003182
0.003030
0.002750
0.002380
0.002008
0.001727
0.001596
0.001657
0.001965
0.000000
0.000000
0.000000
0.000000
0.000000
0.000000
0.000000
0.000000
0.000000
0.000000
0.000000
0.002306
0.002301
0.002439
0.002661
0.002888
0.003061
0.003166
0.003229
0.003275
0.003296
0.003243
0.003058
0.002732
0.002331
0.001958
0.001703
0.001618
0.001749
0.002171
0.000000
0.000000
0.000000
0.000000
0.000000
0.000000
0.000000
0.000000
0.000000
0.000000
0.000000
0.002601
0.002629
0.002747
0.002908
0.003067
0.003211
0.003354
0.003511
0.003665
0.003746
0.003664
0.003376
0.002940
0.002483
0.002128
0.001947
0.001981
0.002283
0.002946
0.000000
0.000000
0.000000
0.000000
0.000000
0.000000
0.000000
0.000000
0.000000
0.000000
0.000000
0.002995
0.003061
0.003144
0.003247
0.003406
0.003676
0.004104
0.004673
0.005245
0.005559
0.005381
0.004738
0.003915
0.003218
0.002811
0.002743
0.003039
0.003753
0.004940
0.000000
0.000000
0.000000
0.000000
0.000000
0.000000
0.000000
0.000000
0.000000
0.000000
0.000000
0.003303
0.003398
0.003481
0.003647
0.004053
0.004901
0.006399
0.008599
0.011006
0.012425
0.011852
0.009686
0.007282
0.005587
0.004818
0.004909
0.005835
0.007576
0.009890
0.000000
0.000000
0.000000
0.000000
0.000000
0.000000
0.000000
0.000000
0.000000
0.000000
0.000000
0.003359
0.003471
0.003649
0.004120
0.005287
0.007905
0.013291
0.022770
0.034867
0.042726
0.040000
0.029625
0.019434
0.013207
0.010655
0.010807
0.013226
0.017442
0.021906
0.000000
0.000000
0.000000
0.000000
0.000000
0.000000
0.000000
0.000000
0.000000
0.000000
0.000000
0.003163
0.003291
0.003666
0.004726
0.007539
0.015019
0.034421
0.076597
0.136801
0.176410
0.163117
0.112405
0.064582
0.037787
0.027218
0.026102
0.031398
0.040612
0.048194
0.000000
0.000000
0.000000
0.000000
0.000000
0.000000
0.000000
0.000000
0.000000
0.000000
0.000000
0.002871
0.003023
0.003640
0.005513
0.011217
0.030060
0.090826
0.231598
0.396637
0.477031
0.450001
0.332310
0.190599
0.101289
0.065093
0.057700
0.066513
0.083182
0.093958
0.000000
0.000000
0.000000
0.000000
0.000000
0.000000
0.000000
0.000000
0.000000
0.000000
0.000000
0.002654
0.002837
0.003675
0.006402
0.015917
0.053377
0.186332
0.438089
0.618417
0.675120
0.654284
0.548531
0.357681
0.192362
0.116294
0.097635
0.109569
0.135210
0.150534
0.000000
0.000000
0.000000
0.000000
0.000000
0.000000
0.000000
0.000000
0.000000
0.000000
0.000000
0.002612
0.002822
0.003799
0.007098
0.019416
0.071664
0.255524
0.538389
0.687645
0.725570
0.708115
0.619178
0.426708
0.231981
0.137723
0.115710
0.133542
0.171231
0.197388
0.000000
0.000000
0.000000
0.000000
0.000000
0.000000
0.000000
0.000000
0.000000
0.000000
0.000000
0.002777
0.002990
0.003964
0.007202
0.018956
0.067119
0.234603
0.506623
0.663939
0.704811
0.678872
0.565365
0.353989
0.179074
0.107464
0.097361
0.125159
0.178496
0.223688
0.000000
0.000000
0.000000
0.000000
0.000000
0.000000
0.000000
0.000000
0.000000
0.000000
0.000000
0.003135
0.003302
0.004083
0.006591
0.014840
0.044751
0.145541
0.350943
0.527529
0.584116
0.532573
0.374235
0.190661
0.091242
0.060319
0.064746
0.100608
0.169388
0.238154
0.000000
0.000000
0.000000
0.000000
0.000000
0.000000
0.000000
0.000000
0.000000
0.000000
0.000000
0.003627
0.003681
0.004115
0.005627
0.010214
0.024501
0.067727
0.165944
0.284854
0.332115
0.273784
0.158626
0.073774
0.038761
0.031301
0.042603
0.083277
0.167526
0.261027
0.000000
0.000000
0.000000
0.000000
0.000000
0.000000
0.000000
0.000000
0.000000
0.000000
0.000000
0.004159
0.004059
0.004125
0.004849
0.007250
0.014096
0.032490
0.072548
0.125203
0.147198
0.115907
0.065512
0.033244
0.021024
0.021384
0.036728
0.087126
0.196010
0.314244
0.000000
0.000000
0.000000
0.000000
0.000000
0.000000
0.000000
0.000000
0.000000
0.000000
0.000000
0.004657
0.004436
0.004277
0.004637
0.006253
0.010859
0.022574
0.047031
0.079383
0.094206
0.076596
0.046870
0.027324
0.020619
0.025163
0.050297
0.128684
0.279570
0.411011
0.000000
0.000000
0.000000
0.000000
0.000000
0.000000
0.000000
0.000000
0.000000
0.000000
0.000000
0.005139
0.004917
0.004791
0.005267
0.007195
0.012615
0.026385
0.055339
0.094876
0.117009
0.102575
0.070202
0.046603
0.039737
0.052833
0.106723
0.243417
0.427237
0.533351
0.000000
0.000000
0.000000
0.000000
0.000000
0.000000
0.000000
0.000000
0.000000
0.000000
0.000000
0.005725
0.005687
0.005934
0.007151
0.010803
0.020788
0.046679
0.101722
0.176848
0.225236
0.215987
0.169164
0.127467
0.116438
0.150603
0.257640
0.434937
0.579687
0.632809
0.000000
0.000000
0.000000
0.000000
0.000000
0.000000
0.000000
0.000000
0.000000
0.000000
0.000000
0.006590
0.006966
0.008025
0.010915
0.018601
0.039372
0.092619
0.198092
0.324870
0.404163
0.412207
0.369168
0.317870
0.302997
0.352061
0.466309
0.592434
0.667216
0.683839
0.000000
0.000000
0.000000
0.000000
0.000000
0.000000
0.000000
0.000000
0.000000
0.000000
0.000000
0.007896
0.008948
0.011313
0.016931
0.030985
0.067107
0.151546
0.294648
0.439277
0.524084
0.546868
0.528831
0.498074
0.488363
0.521838
0.589644
0.655450
0.691490
0.691998
0.000000
0.000000
0.000000
0.000000
0.000000
0.000000
0.000000
0.000000
0.000000
0.000000
0.000000
0.000000
0.000000
0.000000
0.000000
0.000000
0.000000
0.000000
0.000000
0.000000
0.000000
0.000000
0.000000
0.000000
0.000000
0.000000
0.000000
0.000000
0.000000
0.000000
0.000000
0.000000
0.000000
0.000000
0.000000
0.000000
0.000000
0.000000
0.000000
0.000000
0.000000
0.000000
0.000000
0.000000
0.000000
0.000000
0.000000
0.000000
0.000000
0.000000
0.000000
0.000000
0.000000
0.000000
0.000000
0.000000
0.000000
0.000000
0.000000
0.000000
0.000000
0.000000
0.000000
0.000000
0.000000
0.000000
0.000000
0.000000
0.000000
0.000000
0.000000
0.000000
0.000000
0.000000
0.000000
0.000000
0.000000
0.000000
0.000000
0.000000
0.000000
0.000000
0.000000
0.000000
0.000000
0.000000
0.000000
0.000000
0.000000
0.000000
0.000000
0.000000
0.000000
0.000000
0.000000
0.000000
0.000000
0.000000
0.000000
0.000000
0.000000
0.000000
0.000000
0.000000
0.000000
0.000000
0.000000
0.000000
0.000000
0.000000
0.000000
0.000000
0.000000
0.000000
0.000000
0.000000
0.000000
0.000000
0.000000
0.000000
0.000000
0.000000
0.000000
0.000000
0.000000
0.000000
0.000000
0.000000
0.000000
0.000000
0.000000
0.000000
0.000000
0.000000
0.000000
0.000000
0.000000
0.000000
0.000000
0.000000
0.000000
0.000000
0.000000
0.000000
0.000000
0.000000
0.000000
0.000000
0.000000
0.000000
0.000000
0.000000
0.000000
0.000000
0.000000
0.000000
0.000000
0.000000
0.000000
0.000000
0.000000
0.000000
0.000000
0.000000
0.000000
0.000000
0.000000
0.000000
0.000000
0.000000
0.000000
0.000000
0.000000
0.000000
0.000000
0.000000
0.000000
0.000000
0.000000
0.000000
0.000000
0.000000
0.000000
0.000000
0.000000
0.000000
0.000000
0.000000
0.000000
0.000000
0.000000
0.000000
0.000000
0.000000
0.000000
0.000000
0.000000
0.000000
0.000000
0.000000
0.000000
0.000000
0.000000
0.000000
0.000000
0.000000
0.000000
0.000000
0.000000
0.000000
0.000000
0.000000
0.000000
0.000000
0.000000
0.000000
0.000000
0.000000
0.000000
0.000000
0.000000
0.000000
0.000000
0.000000
0.000000
0.000000
0.000000
0.000000
0.000000
0.000000
0.000000
0.000000
0.000000
0.000000
0.000000
0.000000
0.000000
0.000000
0.000000
0.000000
0.000000
0.000000
0.000000
0.000000
0.000000
0.000000
0.000000
0.000000
0.000000
0.000000
0.000000
0.000000
0.000000
0.000000
0.000000
0.000000
0.000000
0.000000
0.000000
0.000000
0.000000
0.000000
0.000000
0.000000
0.000000
0.000000
0.000000
0.000000
0.000000
0.000000
0.000000
0.000000
0.000000
0.000000
0.000000
0.000000
0.000000
0.000000
0.000000
0.000000
0.000000
0.000000
0.000000
0.000000
0.000000
0.000000
0.000000
0.000000
0.000000
0.000000
0.000000
0.000000
0.000000
0.000000
0.000000
0.000000
0.000000
0.000000
0.000000
0.000000
0.000000
0.000000
0.000000
0.000000
0.000000
0.000000
0.000000
0.000000
0.000000
0.000000
0.000000
0.000000
0.000000
0.000000
0.000000
0.000000
0.000000
0.000000
0.000000
0.000000
0.000000
0.000000
0.000000
0.000000
0.000000
0.000000
0.000000
0.000000
0.000000
0.000000
0.000000
0.000000
0.000000
0.000000
0.000000
0.000000
0.000000
0.000000
0.000000
0.000000
0.000000
0.001745
0.001723
0.001860
0.002096
0.002335
0.002484
0.002513
0.002472
0.002431
0.002431
0.002458
0.002449
0.002326
0.002070
0.001747
0.001461
0.001297
0.001302
0.001529
0.000000
0.000000
0.000000
0.000000
0.000000
0.000000
0.000000
0.000000
0.000000
0.000000
0.000000
0.001833
0.001835
0.001988
0.002215
0.002411
0.002494
0.002463
0.002385
0.002333
0.002335
0.002363
0.002344
0.002208
0.001948
0.001639
0.001384
0.001259
0.001315
0.001620
0.000000
0.000000
0.000000
0.000000
0.000000
0.000000
0.000000
0.000000
0.000000
0.000000
0.000000
0.002138
0.002179
0.002313
0.002462
0.002551
0.002551
0.002496
0.002445
0.002434
0.002453
0.002451
0.002363
0.002164
0.001893
0.001636
0.001470
0.001451
0.001638
0.002121
0.000000
0.000000
0.000000
0.000000
0.000000
0.000000
0.000000
0.000000
0.000000
0.000000
0.000000
0.002564
0.002646
0.002723
0.002761
0.002769
0.002789
0.002870
0.003027
0.003212
0.003317
0.003229
0.002925
0.002510
0.002132
0.001899
0.001864
0.002065
0.002566
0.003456
0.000000
0.000000
0.000000
0.000000
0.000000
0.000000
0.000000
0.000000
0.000000
0.000000
0.000000
0.002898
0.002996
0.003018
0.003027
0.003140
0.003487
0.004166
0.005169
0.006224
0.006759
0.006337
0.005186
0.003962
0.003122
0.002782
0.002942
0.003639
0.004937
0.006757
0.000000
0.000000
0.000000
0.000000
0.000000
0.000000
0.000000
0.000000
0.000000
0.000000
0.000000
0.002927
0.003003
0.003049
0.003234
0.003826
0.005240
0.008107
0.012941
0.018715
0.021846
0.019560
0.013978
0.009029
0.006217
0.005237
0.005685
0.007555
0.010832
0.014647
0.000000
0.000000
0.000000
0.000000
0.000000
0.000000
0.000000
0.000000
0.000000
0.000000
0.000000
0.002650
0.002693
0.002858
0.003440
0.005075
0.009384
0.020241
0.043315
0.075679
0.094360
0.081056
0.050647
0.027022
0.015522
0.011650
0.012223
0.016539
0.024103
0.031552
0.000000
0.000000
0.000000
0.000000
0.000000
0.000000
0.000000
0.000000
0.000000
0.000000
0.000000
0.002271
0.002301
0.002624
0.003729
0.007131
0.018202
0.054066
0.143574
0.264968
0.325448
0.281469
0.171761
0.080989
0.039083
0.025447
0.024773
0.032833
0.047497
0.060299
0.000000
0.000000
0.000000
0.000000
0.000000
0.000000
0.000000
0.000000
0.000000
0.000000
0.000000
0.001994
0.002032
0.002495
0.004127
0.009830
0.032307
0.117529
0.317091
0.507237
0.572201
0.520744
0.357407
0.171936
0.074954
0.043466
0.039501
0.051361
0.074577
0.094642
0.000000
0.000000
0.000000
0.000000
0.000000
0.000000
0.000000
0.000000
0.000000
0.000000
0.000000
0.001916
0.001971
0.002529
0.004528
0.011990
0.043976
0.168996
0.422847
0.605495
0.654537
0.607342
0.441944
0.216605
0.089433
0.049029
0.043952
0.058940
0.090294
0.120675
0.000000
0.000000
0.000000
0.000000
0.000000
0.000000
0.000000
0.000000
0.000000
0.000000
0.000000
0.002064
0.002132
0.002705
0.004708
0.011911
0.041310
0.152053
0.383352
0.565164
0.614071
0.551127
0.364698
0.158604
0.062230
0.034902
0.033784
0.050783
0.088252
0.131590
0.000000
0.000000
0.000000
0.000000
0.000000
0.000000
0.000000
0.000000
0.000000
0.000000
0.000000
0.002435
0.002487
0.002945
0.004497
0.009509
0.027092
0.086952
0.226971
0.378941
0.425720
0.341629
0.180229
0.067901
0.027509
0.017576
0.020306
0.037175
0.078000
0.134808
0.000000
0.000000
0.000000
0.000000
0.000000
0.000000
0.000000
0.000000
0.000000
0.000000
0.000000
0.002974
0.002953
0.003145
0.003994
0.006617
0.014455
0.037205
0.089404
0.156396
0.176603
0.125494
0.058206
0.022414
0.010577
0.008385
0.012322
0.028600
0.073451
0.145438
0.000000
0.000000
0.000000
0.000000
0.000000
0.000000
0.000000
0.000000
0.000000
0.000000
0.000000
0.003546
0.003395
0.003263
0.003507
0.004697
0.008173
0.017179
0.036138
0.060100
0.066401
0.046138
0.022151
0.009679
0.005541
0.005515
0.010227
0.029175
0.086417
0.181030
0.000000
0.000000
0.000000
0.000000
0.000000
0.000000
0.000000
0.000000
0.000000
0.000000
0.000000
0.003995
0.003719
0.003372
0.003331
0.004039
0.006358
0.012284
0.024495
0.040085
0.044937
0.032623
0.017056
0.008472
0.005678
0.006681
0.014413
0.045452
0.135464
0.261673
0.000000
0.000000
0.000000
0.000000
0.000000
0.000000
0.000000
0.000000
0.000000
0.000000
0.000000
0.004287
0.003974
0.003643
0.003699
0.004677
0.007759
0.015868
0.033445
0.057705
0.068750
0.054129
0.031192
0.017130
0.012584
0.015842
0.034853
0.102588
0.252679
0.393301
0.000000
0.000000
0.000000
0.000000
0.000000
0.000000
0.000000
0.000000
0.000000
0.000000
0.000000
0.004560
0.004352
0.004306
0.004924
0.007207
0.013921
0.032596
0.075681
0.138116
0.174712
0.153347
0.101072
0.061664
0.047429
0.057884
0.111247
0.248522
0.430865
0.530858
0.000000
0.000000
0.000000
0.000000
0.000000
0.000000
0.000000
0.000000
0.000000
0.000000
0.000000
0.005041
0.005104
0.005652
0.007527
0.012998
0.029110
0.075109
0.176926
0.306966
0.382584
0.370669
0.295141
0.213992
0.175153
0.195303
0.289523
0.444772
0.571758
0.615867
0.000000
0.000000
0.000000
0.000000
0.000000
0.000000
0.000000
0.000000
0.000000
0.000000
0.000000
0.005956
0.006497
0.008019
0.012035
0.022944
0.053908
0.135298
0.286998
0.443092
0.526492
0.534171
0.486930
0.417664
0.373528
0.387578
0.461957
0.558994
0.625003
0.638591
0.000000
0.000000
0.000000
0.000000
0.000000
0.000000
0.000000
0.000000
0.000000
0.000000
0.000000
0.000000
0.000000
0.000000
0.000000
0.000000
0.000000
0.000000
0.000000
0.000000
0.000000
0.000000
0.000000
0.000000
0.000000
0.000000
0.000000
0.000000
0.000000
0.000000
0.000000
0.000000
0.000000
0.000000
0.000000
0.000000
0.000000
0.000000
0.000000
0.000000
0.000000
0.000000
0.000000
0.000000
0.000000
0.000000
0.000000
0.000000
0.000000
0.000000
0.000000
0.000000
0.000000
0.000000
0.000000
0.000000
0.000000
0.000000
0.000000
0.000000
0.000000
0.000000
0.000000
0.000000
0.000000
0.000000
0.000000
0.000000
0.000000
0.000000
0.000000
0.000000
0.000000
0.000000
0.000000
0.000000
0.000000
0.000000
0.000000
0.000000
0.000000
0.000000
0.000000
0.000000
0.000000
0.000000
0.000000
0.000000
0.000000
0.000000
0.000000
0.000000
0.000000
0.000000
0.000000
0.000000
0.000000
0.000000
0.000000
0.000000
0.000000
0.000000
0.000000
0.000000
0.000000
0.000000
0.000000
0.000000
0.000000
0.000000
0.000000
0.000000
0.000000
0.000000
0.000000
0.000000
0.000000
0.000000
0.000000
0.000000
0.000000
0.000000
0.000000
0.000000
0.000000
0.000000
0.000000
0.000000
0.000000
0.000000
0.000000
0.000000
0.000000
0.000000
0.000000
0.000000
0.000000
0.000000
0.000000
0.000000
0.000000
0.000000
0.000000
0.000000
0.000000
0.000000
0.000000
0.000000
0.000000
0.000000
0.000000
0.000000
0.000000
0.000000
0.000000
0.000000
0.000000
0.000000
0.000000
0.000000
0.000000
0.000000
0.000000
0.000000
0.000000
0.000000
0.000000
0.000000
0.000000
0.000000
0.000000
0.000000
0.000000
0.000000
0.000000
0.000000
0.000000
0.000000
0.000000
0.000000
0.000000
0.000000
0.000000
0.000000
0.000000
0.000000
0.000000
0.000000
0.000000
0.000000
0.000000
0.000000
0.000000
0.000000
0.000000
0.000000
0.000000
0.000000
0.000000
0.000000
0.000000
0.000000
0.000000
0.000000
0.000000
0.000000
0.000000
0.000000
0.000000
0.000000
0.000000
0.000000
0.000000
0.000000
0.000000
0.000000
0.000000
0.000000
0.000000
0.000000
0.000000
0.000000
0.000000
0.000000
0.000000
0.000000
0.000000
0.000000
0.000000
0.000000
0.000000
0.000000
0.000000
0.000000
0.000000
0.000000
0.000000
0.000000
0.000000
0.000000
0.000000
0.000000
0.000000
0.000000
0.000000
0.000000
0.000000
0.000000
0.000000
0.000000
0.000000
0.000000
0.000000
0.000000
0.000000
0.000000
0.000000
0.000000
0.000000
0.000000
0.000000
0.000000
0.000000
0.000000
0.000000
0.000000
0.000000
0.000000
0.000000
0.000000
0.000000
0.000000
0.000000
0.000000
0.000000
0.000000
0.000000
0.000000
0.000000
0.000000
0.000000
0.000000
0.000000
0.000000
0.000000
0.000000
0.000000
0.000000
0.000000
0.000000
0.000000
0.000000
0.000000
0.000000
0.000000
0.000000
0.000000
0.000000
0.000000
0.000000
0.000000
0.000000
0.000000
0.000000
0.000000
0.000000
0.000000
0.000000
0.000000
0.000000
0.000000
0.000000
0.000000
0.000000
0.000000
0.000000
0.000000
0.000000
0.000000
0.000000
0.000000
0.000000
0.000000
0.000000
0.000000
0.000000
0.000000
0.000000
0.000000
0.000000
0.000000
0.000000
0.000000
0.000000
0.000000
0.000000
0.000000
0.000000
0.000000
0.000000
0.000000
0.001515
0.001492
0.001616
0.001826
0.002024
0.002114
0.002072
0.001963
0.001874
0.001857
0.001918
0.002010
0.002050
0.001965
0.001760
0.001522
0.001355
0.001334
0.001516
0.000000
0.000000
0.000000
0.000000
0.000000
0.000000
0.000000
0.000000
0.000000
0.000000
0.000000
0.001563
0.001565
0.001713
0.001933
0.002112
0.002156
0.002063
0.001918
0.001812
0.001791
0.001853
0.001945
0.001982
0.001892
0.001688
0.001460
0.001313
0.001323
0.001560
0.000000
0.000000
0.000000
0.000000
0.000000
0.000000
0.000000
0.000000
0.000000
0.000000
0.000000
0.001805
0.001847
0.001995
0.002170
0.002275
0.002256
0.002142
0.002007
0.001918
0.001899
0.001932
0.001967
0.001944
0.001832
0.001660
0.001504
0.001443
0.001551
0.001915
0.000000
0.000000
0.000000
0.000000
0.000000
0.000000
0.000000
0.000000
0.000000
0.000000
0.000000
0.002168
0.002256
0.002372
0.002464
0.002496
0.002477
0.002443
0.002427
0.002434
0.002437
0.002393
0.002278
0.002103
0.001916
0.001776
0.001738
0.001852
0.002184
0.002824
0.000000
0.000000
0.000000
0.000000
0.000000
0.000000
0.000000
0.000000
0.000000
0.000000
0.000000
0.002479
0.002592
0.002666
0.002712
0.002787
0.002960
0.003269
0.003677
0.004042
0.004146
0.003870
0.003321
0.002748
0.002344
0.002192
0.002324
0.002780
0.003615
0.004844
0.000000
0.000000
0.000000
0.000000
0.000000
0.000000
0.000000
0.000000
0.000000
0.000000
0.000000
0.002539
0.002640
0.002711
0.002850
0.003212
0.003983
0.005343
0.007258
0.009090
0.009671
0.008478
0.006375
0.004552
0.003496
0.003186
0.003562
0.004688
0.006613
0.009039
0.000000
0.000000
0.000000
0.000000
0.000000
0.000000
0.000000
0.000000
0.000000
0.000000
0.000000
0.002318
0.002381
0.002519
0.002907
0.003871
0.006031
0.010416
0.017705
0.025650
0.028393
0.023314
0.015193
0.009150
0.006114
0.005206
0.005875
0.008180
0.012168
0.016739
0.000000
0.000000
0.000000
0.000000
0.000000
0.000000
0.000000
0.000000
0.000000
0.000000
0.000000
0.001978
0.002014
0.002251
0.002965
0.004842
0.009697
0.021591
0.044998
0.073181
0.083141
0.064853
0.037430
0.019173
0.011022
0.008520
0.009329
0.013234
0.020292
0.028088
0.000000
0.000000
0.000000
0.000000
0.000000
0.000000
0.000000
0.000000
0.000000
0.000000
0.000000
0.001710
0.001740
0.002069
0.003091
0.006031
0.014776
0.039573
0.093074
0.157588
0.178683
0.136553
0.073740
0.033592
0.017018
0.011978
0.012578
0.017932
0.028289
0.040155
0.000000
0.000000
0.000000
0.000000
0.000000
0.000000
0.000000
0.000000
0.000000
0.000000
0.000000
0.001614
0.001655
0.002049
0.003286
0.007000
0.018726
0.053603
0.129088
0.215232
0.239645
0.181247
0.094810
0.040445
0.019029
0.012707
0.013157
0.019261
0.032072
0.048372
0.000000
0.000000
0.000000
0.000000
0.000000
0.000000
0.000000
0.000000
0.000000
0.000000
0.000000
0.001724
0.001783
0.002204
0.003473
0.007127
0.018074
0.048846
0.112708
0.184003
0.200941
0.146818
0.073844
0.030709
0.014360
0.009753
0.010575
0.016716
0.030707
0.051227
0.000000
0.000000
0.000000
0.000000
0.000000
0.000000
0.000000
0.000000
0.000000
0.000000
0.000000
0.002047
0.002121
0.002495
0.003540
0.006255
0.013357
0.030837
0.064228
0.100637
0.106886
0.074976
0.037008
0.015853
0.007928
0.005907
0.007185
0.012972
0.027392
0.051870
0.000000
0.000000
0.000000
0.000000
0.000000
0.000000
0.000000
0.000000
0.000000
0.000000
0.000000
0.002548
0.002608
0.002824
0.003441
0.004963
0.008505
0.016119
0.029233
0.042677
0.043952
0.030592
0.015602
0.007244
0.004070
0.003494
0.004982
0.010603
0.026071
0.055618
0.000000
0.000000
0.000000
0.000000
0.000000
0.000000
0.000000
0.000000
0.000000
0.000000
0.000000
0.003095
0.003091
0.003075
0.003259
0.003961
0.005705
0.009335
0.015337
0.021375
0.021878
0.015598
0.008409
0.004261
0.002688
0.002653
0.004406
0.010871
0.030095
0.068710
0.000000
0.000000
0.000000
0.000000
0.000000
0.000000
0.000000
0.000000
0.000000
0.000000
0.000000
0.003498
0.003401
0.003209
0.003175
0.003603
0.004926
0.007862
0.012961
0.018520
0.019661
0.014615
0.008260
0.004430
0.003003
0.003232
0.005886
0.015695
0.045016
0.100403
0.000000
0.000000
0.000000
0.000000
0.000000
0.000000
0.000000
0.000000
0.000000
0.000000
0.000000
0.003678
0.003520
0.003328
0.003388
0.004079
0.006089
0.010804
0.019839
0.031148
0.035631
0.028024
0.016450
0.009027
0.006210
0.006752
0.012279
0.031734
0.083688
0.163511
0.000000
0.000000
0.000000
0.000000
0.000000
0.000000
0.000000
0.000000
0.000000
0.000000
0.000000
0.003763
0.003631
0.003637
0.004129
0.005787
0.010302
0.021773
0.046293
0.080679
0.099858
0.084759
0.052974
0.029888
0.020318
0.020974
0.034626
0.076870
0.164611
0.260363
0.000000
0.000000
0.000000
0.000000
0.000000
0.000000
0.000000
0.000000
0.000000
0.000000
0.000000
0.003997
0.004002
0.004392
0.005734
0.009494
0.019965
0.048344
0.111015
0.197265
0.250126
0.232123
0.165721
0.103643
0.072255
0.069791
0.098115
0.170702
0.278629
0.359204
0.000000
0.000000
0.000000
0.000000
0.000000
0.000000
0.000000
0.000000
0.000000
0.000000
0.000000
0.004615
0.004906
0.005915
0.008626
0.015819
0.035577
0.087193
0.190718
0.315161
0.389540
0.385873
0.320550
0.238046
0.183233
0.172002
0.205996
0.281330
0.367459
0.415194
0.000000
0.000000
0.000000
0.000000
0.000000
0.000000
0.000000
0.000000
0.000000
0.000000
0.000000
0.000000
0.000000
0.000000
0.000000
0.000000
0.000000
0.000000
0.000000
0.000000
0.000000
0.000000
0.000000
0.000000
0.000000
0.000000
0.000000
0.000000
0.000000
0.000000
0.000000
0.000000
0.000000
0.000000
0.000000
0.000000
0.000000
0.000000
0.000000
0.000000
0.000000
0.000000
0.000000
0.000000
0.000000
0.000000
0.000000
0.000000
0.000000
0.000000
0.000000
0.000000
0.000000
0.000000
0.000000
0.000000
0.000000
0.000000
0.000000
0.000000
0.000000
0.000000
0.000000
0.000000
0.000000
0.000000
0.000000
0.000000
0.000000
0.000000
0.000000
0.000000
0.000000
0.000000
0.000000
0.000000
0.000000
0.000000
0.000000
0.000000
0.000000
0.000000
0.000000
0.000000
0.000000
0.000000
0.000000
0.000000
0.000000
0.000000
0.000000
0.000000
0.000000
0.000000
0.000000
0.000000
0.000000
0.000000
0.000000
0.000000
0.000000
0.000000
0.000000
0.000000
0.000000
0.000000
0.000000
0.000000
0.000000
0.000000
0.000000
0.000000
0.000000
0.000000
0.000000
0.000000
0.000000
0.000000
0.000000
0.000000
0.000000
0.000000
0.000000
0.000000
0.000000
0.000000
0.000000
0.000000
0.000000
0.000000
0.000000
0.000000
0.000000
0.000000
0.000000
0.000000
0.000000
0.000000
0.000000
0.000000
0.000000
0.000000
0.000000
0.000000
0.000000
0.000000
0.000000
0.000000
0.000000
0.000000
0.000000
0.000000
0.000000
0.000000
0.000000
0.000000
0.000000
0.000000
0.000000
0.000000
0.000000
0.000000
0.000000
0.000000
0.000000
0.000000
0.000000
0.000000
0.000000
0.000000
0.000000
0.000000
0.000000
0.000000
0.000000
0.000000
0.000000
0.000000
0.000000
0.000000
0.000000
0.000000
0.000000
0.000000
0.000000
0.000000
0.000000
0.000000
0.000000
0.000000
0.000000
0.000000
0.000000
0.000000
0.000000
0.000000
0.000000
0.000000
0.000000
0.000000
0.000000
0.000000
0.000000
0.000000
0.000000
0.000000
0.000000
0.000000
0.000000
0.000000
0.000000
0.000000
0.000000
0.000000
0.000000
0.000000
0.000000
0.000000
0.000000
0.000000
0.000000
0.000000
0.000000
0.000000
0.000000
0.000000
0.000000
0.000000
0.000000
0.000000
0.000000
0.000000
0.000000
0.000000
0.000000
0.000000
0.000000
0.000000
0.000000
0.000000
0.000000
0.000000
0.000000
0.000000
0.000000
0.000000
0.000000
0.000000
0.000000
0.000000
0.000000
0.000000
0.000000
0.000000
0.000000
0.000000
0.000000
0.000000
0.000000
0.000000
0.000000
0.000000
0.000000
0.000000
0.000000
0.000000
0.000000
0.000000
0.000000
0.000000
0.000000
0.000000
0.000000
0.000000
0.000000
0.000000
0.000000
0.000000
0.000000
0.000000
0.000000
0.000000
0.000000
0.000000
0.000000
0.000000
0.000000
0.000000
0.000000
0.000000
0.000000
0.000000
0.000000
0.000000
0.000000
0.000000
0.000000
0.000000
0.000000
0.000000
0.000000
0.000000
0.000000
0.000000
0.000000
0.000000
0.000000
0.000000
0.000000
0.000000
0.000000
0.000000
0.000000
0.000000
0.000000
0.000000
0.000000
0.000000
0.000000
0.000000
0.000000
0.000000
0.000000
0.000000
0.000000
0.000000
0.000000
0.000000
0.000000
0.000000
0.000000
0.000000
0.000000
0.000000
0.000000
0.000000
0.000000
0.000000
0.000000
0.000000
0.000000
0.001457
0.001419
0.001505
0.001658
0.001793
0.001833
0.001761
0.001633
0.001523
0.001480
0.001518
0.001619
0.001732
0.001789
0.001749
0.001643
0.001552
0.001564
0.001753
0.000000
0.000000
0.000000
0.000000
0.000000
0.000000
0.000000
0.000000
0.000000
0.000000
0.000000
0.001432
0.001409
0.001513
0.001683
0.001826
0.001863
0.001781
0.001643
0.001525
0.001478
0.001514
0.001611
0.001716
0.001759
0.001704
0.001587
0.001496
0.001522
0.001751
0.000000
0.000000
0.000000
0.000000
0.000000
0.000000
0.000000
0.000000
0.000000
0.000000
0.000000
0.001552
0.001551
0.001656
0.001810
0.001936
0.001971
0.001911
0.001804
0.001708
0.001663
0.001676
0.001727
0.001774
0.001772
0.001706
0.001615
0.001575
0.001668
0.001988
0.000000
0.000000
0.000000
0.000000
0.000000
0.000000
0.000000
0.000000
0.000000
0.000000
0.000000
0.001770
0.001795
0.001886
0.002004
0.002109
0.002176
0.002200
0.002193
0.002167
0.002128
0.002078
0.002017
0.001944
0.001865
0.001798
0.001776
0.001850
0.002090
0.002590
0.000000
0.000000
0.000000
0.000000
0.000000
0.000000
0.000000
0.000000
0.000000
0.000000
0.000000
0.001987
0.002038
0.002112
0.002209
0.002341
0.002525
0.002755
0.002984
0.003125
0.003095
0.002888
0.002583
0.002293
0.002096
0.002034
0.002132
0.002420
0.002952
0.003788
0.000000
0.000000
0.000000
0.000000
0.000000
0.000000
0.000000
0.000000
0.000000
0.000000
0.000000
0.002079
0.002145
0.002226
0.002368
0.002638
0.003103
0.003778
0.004537
0.005067
0.005040
0.004446
0.003622
0.002929
0.002535
0.002471
0.002749
0.003405
0.004471
0.005906
0.000000
0.000000
0.000000
0.000000
0.000000
0.000000
0.000000
0.000000
0.000000
0.000000
0.000000
0.001986
0.002051
0.002180
0.002455
0.003009
0.004009
0.005570
0.007466
0.008860
0.008793
0.007302
0.005410
0.003978
0.003239
0.003135
0.003641
0.004834
0.006750
0.009132
0.000000
0.000000
0.000000
0.000000
0.000000
0.000000
0.000000
0.000000
0.000000
0.000000
0.000000
0.001771
0.001828
0.002025
0.002487
0.003444
0.005270
0.008335
0.012301
0.015290
0.015050
0.011827
0.008059
0.005438
0.004158
0.003931
0.004646
0.006442
0.009416
0.013068
0.000000
0.000000
0.000000
0.000000
0.000000
0.000000
0.000000
0.000000
0.000000
0.000000
0.000000
0.001558
0.001609
0.001868
0.002504
0.003878
0.006645
0.011542
0.018098
0.023012
0.022382
0.016898
0.010857
0.006871
0.004977
0.004558
0.005368
0.007610
0.011537
0.016596
0.000000
0.000000
0.000000
0.000000
0.000000
0.000000
0.000000
0.000000
0.000000
0.000000
0.000000
0.001445
0.001497
0.001798
0.002546
0.004182
0.007520
0.013444
0.021272
0.026911
0.025834
0.019143
0.011999
0.007368
0.005174
0.004629
0.005418
0.007816
0.012328
0.018693
0.000000
0.000000
0.000000
0.000000
0.000000
0.000000
0.000000
0.000000
0.000000
0.000000
0.000000
0.001480
0.001541
0.001860
0.002625
0.004227
0.007323
0.012491
0.018919
0.023245
0.022069
0.016414
0.010395
0.006436
0.004532
0.004063
0.004814
0.007168
0.011941
0.019424
0.000000
0.000000
0.000000
0.000000
0.000000
0.000000
0.000000
0.000000
0.000000
0.000000
0.000000
0.001680
0.001756
0.002061
0.002727
0.003994
0.006196
0.009518
0.013327
0.015717
0.014860
0.011310
0.007431
0.004779
0.003481
0.003226
0.003983
0.006282
0.011262
0.019860
0.000000
0.000000
0.000000
0.000000
0.000000
0.000000
0.000000
0.000000
0.000000
0.000000
0.000000
0.002032
0.002118
0.002356
0.002820
0.003621
0.004897
0.006698
0.008694
0.009953
0.009499
0.007480
0.005137
0.003456
0.002633
0.002568
0.003379
0.005758
0.011225
0.021382
0.000000
0.000000
0.000000
0.000000
0.000000
0.000000
0.000000
0.000000
0.000000
0.000000
0.000000
0.002455
0.002529
0.002654
0.002885
0.003316
0.004059
0.005188
0.006553
0.007566
0.007435
0.006057
0.004280
0.002947
0.002307
0.002345
0.003282
0.006032
0.012666
0.025477
0.000000
0.000000
0.000000
0.000000
0.000000
0.000000
0.000000
0.000000
0.000000
0.000000
0.000000
0.002809
0.002840
0.002859
0.002956
0.003268
0.003959
0.005187
0.006904
0.008485
0.008782
0.007349
0.005192
0.003517
0.002714
0.002774
0.004000
0.007688
0.016773
0.034166
0.000000
0.000000
0.000000
0.000000
0.000000
0.000000
0.000000
0.000000
0.000000
0.000000
0.000000
0.003001
0.002978
0.002976
0.003131
0.003650
0.004845
0.007155
0.010814
0.014808
0.016428
0.014053
0.009715
0.006267
0.004584
0.004502
0.006358
0.012085
0.025855
0.050441
0.000000
0.000000
0.000000
0.000000
0.000000
0.000000
0.000000
0.000000
0.000000
0.000000
0.000000
0.003092
0.003050
0.003142
0.003567
0.004695
0.007283
0.012730
0.022446
0.034550
0.041148
0.036174
0.024699
0.015239
0.010474
0.009612
0.012671
0.022363
0.043869
0.077437
0.000000
0.000000
0.000000
0.000000
0.000000
0.000000
0.000000
0.000000
0.000000
0.000000
0.000000
0.003270
0.003276
0.003578
0.004495
0.006762
0.012159
0.024418
0.048008
0.079308
0.099002
0.090884
0.064368
0.040228
0.027076
0.023464
0.028174
0.043903
0.074623
0.114562
0.000000
0.000000
0.000000
0.000000
0.000000
0.000000
0.000000
0.000000
0.000000
0.000000
0.000000
0.003739
0.003901
0.004554
0.006223
0.010209
0.019713
0.041320
0.082178
0.135095
0.170566
0.165362
0.128545
0.088401
0.062948
0.053979
0.059526
0.080226
0.115227
0.152877
0.000000
0.000000
0.000000
0.000000
0.000000
0.000000
0.000000
0.000000
0.000000
0.000000
0.000000
0.000000
0.000000
0.000000
0.000000
0.000000
0.000000
0.000000
0.000000
0.000000
0.000000
0.000000
0.000000
0.000000
0.000000
0.000000
0.000000
0.000000
0.000000
0.000000
0.000000
0.000000
0.000000
0.000000
0.000000
0.000000
0.000000
0.000000
0.000000
0.000000
0.000000
0.000000
0.000000
0.000000
0.000000
0.000000
0.000000
0.000000
0.000000
0.000000
0.000000
0.000000
0.000000
0.000000
0.000000
0.000000
0.000000
0.000000
0.000000
0.000000
0.000000
0.000000
0.000000
0.000000
0.000000
0.000000
0.000000
0.000000
0.000000
0.000000
0.000000
0.000000
0.000000
0.000000
0.000000
0.000000
0.000000
0.000000
0.000000
0.000000
0.000000
0.000000
0.000000
0.000000
0.000000
0.000000
0.000000
0.000000
0.000000
0.000000
0.000000
0.000000
0.000000
0.000000
0.000000
0.000000
0.000000
0.000000
0.000000
0.000000
0.000000
0.000000
0.000000
0.000000
0.000000
0.000000
0.000000
0.000000
0.000000
0.000000
0.000000
0.000000
0.000000
0.000000
0.000000
0.000000
0.000000
0.000000
0.000000
0.000000
0.000000
0.000000
0.000000
0.000000
0.000000
0.000000
0.000000
0.000000
0.000000
0.000000
0.000000
0.000000
0.000000
0.000000
0.000000
0.000000
0.000000
0.000000
0.000000
0.000000
0.000000
0.000000
0.000000
0.000000
0.000000
0.000000
0.000000
0.000000
0.000000
0.000000
0.000000
0.000000
0.000000
0.000000
0.000000
0.000000
0.000000
0.000000
0.000000
0.000000
0.000000
0.000000
0.000000
0.000000
0.000000
0.000000
0.000000
0.000000
0.000000
0.000000
0.000000
0.000000
0.000000
0.000000
0.000000
0.000000
0.000000
0.000000
0.000000
0.000000
0.000000
0.000000
0.000000
0.000000
0.000000
0.000000
0.000000
0.000000
0.000000
0.000000
0.000000
0.000000
0.000000
0.000000
0.000000
0.000000
0.000000
0.000000
0.000000
0.000000
0.000000
0.000000
0.000000
0.000000
0.000000
0.000000
0.000000
0.000000
0.000000
0.000000
0.000000
0.000000
0.000000
0.000000
0.000000
0.000000
0.000000
0.000000
0.000000
0.000000
0.000000
0.000000
0.000000
0.000000
0.000000
0.000000
0.000000
0.000000
0.000000
0.000000
0.000000
0.000000
0.000000
0.000000
0.000000
0.000000
0.000000
0.000000
0.000000
0.000000
0.000000
0.000000
0.000000
0.000000
0.000000
0.000000
0.000000
0.000000
0.000000
0.000000
0.000000
0.000000
0.000000
0.000000
0.000000
0.000000
0.000000
0.000000
0.000000
0.000000
0.000000
0.000000
0.000000
0.000000
0.000000
0.000000
0.000000
0.000000
0.000000
0.000000
0.000000
0.000000
0.000000
0.000000
0.000000
0.000000
0.000000
0.000000
0.000000
0.000000
0.000000
0.000000
0.000000
0.000000
0.000000
0.000000
0.000000
0.000000
0.000000
0.000000
0.000000
0.000000
0.000000
0.000000
0.000000
0.000000
0.000000
0.000000
0.000000
0.000000
0.000000
0.000000
0.000000
0.000000
0.000000
0.000000
0.000000
0.000000
0.000000
0.000000
0.000000
0.000000
0.000000
0.000000
0.000000
0.000000
0.000000
0.000000
0.000000
0.000000
0.000000
0.000000
0.000000
0.000000
0.000000
0.000000
0.000000
0.000000
0.000000
0.000000
0.000000
0.000000
0.000000
0.000000
0.000000
0.000000
0.000000
0.000000
0.000000
0.000000
0.000000
0.001575
0.001519
0.001550
0.001622
0.001678
0.001672
0.001597
0.001485
0.001383
0.001325
0.001330
0.001396
0.001507
0.001629
0.001729
0.001796
0.001859
0.001982
0.002235
0.000000
0.000000
0.000000
0.000000
0.000000
0.000000
0.000000
0.000000
0.000000
0.000000
0.000000
0.001458
0.001402
0.001437
0.001519
0.001596
0.001622
0.001581
0.001498
0.001410
0.001353
0.001348
0.001395
0.001482
0.001576
0.001650
0.001697
0.001752
0.001884
0.002175
0.000000
0.000000
0.000000
0.000000
0.000000
0.000000
0.000000
0.000000
0.000000
0.000000
0.000000
0.001433
0.001374
0.001397
0.001471
0.001560
0.001630
0.001661
0.001650
0.001612
0.001571
0.001547
0.001550
0.001578
0.001616
0.001650
0.001684
0.001755
0.001929
0.002290
0.000000
0.000000
0.000000
0.000000
0.000000
0.000000
0.000000
0.000000
0.000000
0.000000
0.000000
0.001482
0.001423
0.001429
0.001487
0.001585
0.001710
0.001841
0.001948
0.002000
0.001985
0.001921
0.001842
0.001777
0.001742
0.001744
0.001793
0.001918
0.002178
0.002655
0.000000
0.000000
0.000000
0.000000
0.000000
0.000000
0.000000
0.000000
0.000000
0.000000
0.000000
0.001573
0.001523
0.001520
0.001570
0.001688
0.001882
0.002138
0.002397
0.002567
0.002575
0.002432
0.002224
0.002042
0.001941
0.001941
0.002051
0.002290
0.002707
0.003371
0.000000
0.000000
0.000000
0.000000
0.000000
0.000000
0.000000
0.000000
0.000000
0.000000
0.000000
0.001650
0.001626
0.001636
0.001707
0.001874
0.002167
0.002574
0.003004
0.003284
0.003272
0.002994
0.002622
0.002324
0.002184
0.002226
0.002459
0.002897
0.003570
0.004515
0.000000
0.000000
0.000000
0.000000
0.000000
0.000000
0.000000
0.000000
0.000000
0.000000
0.000000
0.001656
0.001665
0.001720
0.001857
0.002124
0.002561
0.003151
0.003749
0.004087
0.003976
0.003507
0.002963
0.002571
0.002425
0.002547
0.002952
0.003662
0.004693
0.006023
0.000000
0.000000
0.000000
0.000000
0.000000
0.000000
0.000000
0.000000
0.000000
0.000000
0.000000
0.001570
0.001606
0.001724
0.001964
0.002379
0.003009
0.003804
0.004535
0.004847
0.004562
0.003886
0.003197
0.002746
0.002613
0.002814
0.003382
0.004363
0.005780
0.007571
0.000000
0.000000
0.000000
0.000000
0.000000
0.000000
0.000000
0.000000
0.000000
0.000000
0.000000
0.001431
0.001475
0.001647
0.001990
0.002560
0.003380
0.004344
0.005131
0.005344
0.004879
0.004056
0.003295
0.002825
0.002704
0.002946
0.003597
0.004740
0.006451
0.008710
0.000000
0.000000
0.000000
0.000000
0.000000
0.000000
0.000000
0.000000
0.000000
0.000000
0.000000
0.001309
0.001349
0.001548
0.001952
0.002614
0.003528
0.004529
0.005251
0.005341
0.004794
0.003966
0.003238
0.002797
0.002688
0.002924
0.003564
0.004730
0.006590
0.009259
0.000000
0.000000
0.000000
0.000000
0.000000
0.000000
0.000000
0.000000
0.000000
0.000000
0.000000
0.001264
0.001296
0.001497
0.001906
0.002554
0.003400
0.004257
0.004808
0.004814
0.004329
0.003644
0.003046
0.002680
0.002589
0.002801
0.003391
0.004518
0.006451
0.009481
0.000000
0.000000
0.000000
0.000000
0.000000
0.000000
0.000000
0.000000
0.000000
0.000000
0.000000
0.001330
0.001355
0.001540
0.001905
0.002447
0.003100
0.003709
0.004072
0.004061
0.003725
0.003246
0.002810
0.002533
0.002470
0.002669
0.003229
0.004355
0.006406
0.009849
0.000000
0.000000
0.000000
0.000000
0.000000
0.000000
0.000000
0.000000
0.000000
0.000000
0.000000
0.001514
0.001536
0.001691
0.001977
0.002368
0.002807
0.003205
0.003457
0.003493
0.003314
0.003005
0.002686
0.002463
0.002412
0.002612
0.003194
0.004417
0.006744
0.010803
0.000000
0.000000
0.000000
0.000000
0.000000
0.000000
0.000000
0.000000
0.000000
0.000000
0.000000
0.001792
0.001812
0.001923
0.002116
0.002375
0.002680
0.002999
0.003276
0.003432
0.003398
0.003179
0.002873
0.002613
0.002523
0.002718
0.003372
0.004820
0.007668
0.012706
0.000000
0.000000
0.000000
0.000000
0.000000
0.000000
0.000000
0.000000
0.000000
0.000000
0.000000
0.002098
0.002108
0.002175
0.002305
0.002517
0.002838
0.003278
0.003791
0.004229
0.004389
0.004168
0.003690
0.003214
0.002968
0.003117
0.003881
0.005705
0.009398
0.015927
0.000000
0.000000
0.000000
0.000000
0.000000
0.000000
0.000000
0.000000
0.000000
0.000000
0.000000
0.002356
0.002348
0.002399
0.002547
0.002858
0.003422
0.004317
0.005510
0.006690
0.007283
0.006913
0.005850
0.004743
0.004075
0.004071
0.004979
0.007373
0.012323
0.020945
0.000000
0.000000
0.000000
0.000000
0.000000
0.000000
0.000000
0.000000
0.000000
0.000000
0.000000
0.002556
0.002536
0.002625
0.002902
0.003505
0.004654
0.006622
0.009489
0.012587
0.014334
0.013551
0.010947
0.008259
0.006575
0.006173
0.007250
0.010486
0.017192
0.028439
0.000000
0.000000
0.000000
0.000000
0.000000
0.000000
0.000000
0.000000
0.000000
0.000000
0.000000
0.002791
0.002792
0.002987
0.003512
0.004633
0.006833
0.010821
0.017016
0.024124
0.028475
0.027126
0.021566
0.015735
0.011988
0.010720
0.011961
0.016379
0.025289
0.039218
0.000000
0.000000
0.000000
0.000000
0.000000
0.000000
0.000000
0.000000
0.000000
0.000000
0.000000
0.003209
0.003295
0.003681
0.004589
0.006464
0.010152
0.016919
0.027561
0.040005
0.048245
0.047267
0.038905
0.029308
0.022692
0.020066
0.021413
0.027186
0.038147
0.053608
0.000000
0.000000
0.000000
0.000000
0.000000
0.000000
0.000000
0.000000
0.000000
0.000000
0.000000
0.000000
0.000000
0.000000
0.000000
0.000000
0.000000
0.000000
0.000000
0.000000
0.000000
0.000000
0.000000
0.000000
0.000000
0.000000
0.000000
0.000000
0.000000
0.000000
0.000000
0.000000
0.000000
0.000000
0.000000
0.000000
0.000000
0.000000
0.000000
0.000000
0.000000
0.000000
0.000000
0.000000
0.000000
0.000000
0.000000
0.000000
0.000000
0.000000
0.000000
0.000000
0.000000
0.000000
0.000000
0.000000
0.000000
0.000000
0.000000
0.000000
0.000000
0.000000
0.000000
0.000000
0.000000
0.000000
0.000000
0.000000
0.000000
0.000000
0.000000
0.000000
0.000000
0.000000
0.000000
0.000000
0.000000
0.000000
0.000000
0.000000
0.000000
0.000000
0.000000
0.000000
0.000000
0.000000
0.000000
0.000000
0.000000
0.000000
0.000000
0.000000
0.000000
0.000000
0.000000
0.000000
0.000000
0.000000
0.000000
0.000000
0.000000
0.000000
0.000000
0.000000
0.000000
0.000000
0.000000
0.000000
0.000000
0.000000
0.000000
0.000000
0.000000
0.000000
0.000000
0.000000
0.000000
0.000000
0.000000
0.000000
0.000000
0.000000
0.000000
0.000000
0.000000
0.000000
0.000000
0.000000
0.000000
0.000000
0.000000
0.000000
0.000000
0.000000
0.000000
0.000000
0.000000
0.000000
0.000000
0.000000
0.000000
0.000000
0.000000
0.000000
0.000000
0.000000
0.000000
0.000000
0.000000
0.000000
0.000000
0.000000
0.000000
0.000000
0.000000
0.000000
0.000000
0.000000
0.000000
0.000000
0.000000
0.000000
0.000000
0.000000
0.000000
0.000000
0.000000
0.000000
0.000000
0.000000
0.000000
0.000000
0.000000
0.000000
0.000000
0.000000
0.000000
0.000000
0.000000
0.000000
0.000000
0.000000
0.000000
0.000000
0.000000
0.000000
0.000000
0.000000
0.000000
0.000000
0.000000
0.000000
0.000000
0.000000
0.000000
0.000000
0.000000
0.000000
0.000000
0.000000
0.000000
0.000000
0.000000
0.000000
0.000000
0.000000
0.000000
0.000000
0.000000
0.000000
0.000000
0.000000
0.000000
0.000000
0.000000
0.000000
0.000000
0.000000
0.000000
0.000000
0.000000
0.000000
0.000000
0.000000
0.000000
0.000000
0.000000
0.000000
0.000000
0.000000
0.000000
0.000000
0.000000
0.000000
0.000000
0.000000
0.000000
0.000000
0.000000
0.000000
0.000000
0.000000
0.000000
0.000000
0.000000
0.000000
0.000000
0.000000
0.000000
0.000000
0.000000
0.000000
0.000000
0.000000
0.000000
0.000000
0.000000
0.000000
0.000000
0.000000
0.000000
0.000000
0.000000
0.000000
0.000000
0.000000
0.000000
0.000000
0.000000
0.000000
0.000000
0.000000
0.000000
0.000000
0.000000
0.000000
0.000000
0.000000
0.000000
0.000000
0.000000
0.000000
0.000000
0.000000
0.000000
0.000000
0.000000
0.000000
0.000000
0.000000
0.000000
0.000000
0.000000
0.000000
0.000000
0.000000
0.000000
0.000000
0.000000
0.000000
0.000000
0.000000
0.000000
0.000000
0.000000
0.000000
0.000000
0.000000
0.000000
0.000000
0.000000
0.000000
0.000000
0.000000
0.000000
0.000000
0.000000
0.000000
0.000000
0.000000
0.000000
0.000000
0.000000
0.000000
0.000000
0.000000
0.000000
0.000000
0.000000
0.000000
0.000000
0.000000
0.000000
0.000000
0.000000
0.000000
0.000000
0.000000
0.000000
0.000000
0.000000
0.001865
0.001801
0.001768
0.001743
0.001707
0.001653
0.001584
0.001511
0.001447
0.001407
0.001406
0.001454
0.001561
0.001725
0.001936
0.002176
0.002435
0.002723
0.003066
0.000000
0.000000
0.000000
0.000000
0.000000
0.000000
0.000000
0.000000
0.000000
0.000000
0.000000
0.001651
0.001571
0.001531
0.001512
0.001503
0.001497
0.001488
0.001472
0.001448
0.001421
0.001407
0.001424
0.001490
0.001612
0.001786
0.002002
0.002256
0.002561
0.002952
0.000000
0.000000
0.000000
0.000000
0.000000
0.000000
0.000000
0.000000
0.000000
0.000000
0.000000
0.001476
0.001373
0.001315
0.001295
0.001312
0.001363
0.001438
0.001516
0.001568
0.001578
0.001554
0.001529
0.001535
0.001595
0.001716
0.001898
0.002145
0.002476
0.002932
0.000000
0.000000
0.000000
0.000000
0.000000
0.000000
0.000000
0.000000
0.000000
0.000000
0.000000
0.001368
0.001249
0.001175
0.001150
0.001183
0.001281
0.001437
0.001619
0.001769
0.001831
0.001801
0.001724
0.001665
0.001666
0.001748
0.001914
0.002174
0.002550
0.003087
0.000000
0.000000
0.000000
0.000000
0.000000
0.000000
0.000000
0.000000
0.000000
0.000000
0.000000
0.001334
0.001216
0.001136
0.001108
0.001150
0.001278
0.001491
0.001756
0.001987
0.002095
0.002056
0.001938
0.001834
0.001809
0.001889
0.002081
0.002393
0.002846
0.003485
0.000000
0.000000
0.000000
0.000000
0.000000
0.000000
0.000000
0.000000
0.000000
0.000000
0.000000
0.001356
0.001259
0.001189
0.001167
0.001218
0.001364
0.001608
0.001908
0.002167
0.002278
0.002224
0.002089
0.001985
0.001985
0.002117
0.002388
0.002800
0.003369
0.004131
0.000000
0.000000
0.000000
0.000000
0.000000
0.000000
0.000000
0.000000
0.000000
0.000000
0.000000
0.001387
0.001329
0.001291
0.001294
0.001367
0.001530
0.001780
0.002065
0.002283
0.002346
0.002263
0.002136
0.002073
0.002140
0.002366
0.002753
0.003300
0.004011
0.004917
0.000000
0.000000
0.000000
0.000000
0.000000
0.000000
0.000000
0.000000
0.000000
0.000000
0.000000
0.001374
0.001356
0.001368
0.001423
0.001540
0.001729
0.001974
0.002208
0.002341
0.002325
0.002207
0.002096
0.002084
0.002225
0.002541
0.003033
0.003695
0.004538
0.005606
0.000000
0.000000
0.000000
0.000000
0.000000
0.000000
0.000000
0.000000
0.000000
0.000000
0.000000
0.001296
0.001300
0.001359
0.001476
0.001655
0.001885
0.002127
0.002304
0.002349
0.002261
0.002116
0.002019
0.002044
0.002229
0.002586
0.003116
0.003821
0.004748
0.005989
0.000000
0.000000
0.000000
0.000000
0.000000
0.000000
0.000000
0.000000
0.000000
0.000000
0.000000
0.001185
0.001186
0.001268
0.001430
0.001662
0.001931
0.002175
0.002315
0.002305
0.002180
0.002031
0.001951
0.001996
0.002190
0.002537
0.003038
0.003719
0.004680
0.006093
0.000000
0.000000
0.000000
0.000000
0.000000
0.000000
0.000000
0.000000
0.000000
0.000000
0.000000
0.001100
0.001085
0.001167
0.001340
0.001589
0.001868
0.002106
0.002229
0.002209
0.002094
0.001971
0.001918
0.001980
0.002171
0.002491
0.002947
0.003596
0.004589
0.006178
0.000000
0.000000
0.000000
0.000000
0.000000
0.000000
0.000000
0.000000
0.000000
0.000000
0.000000
0.001090
0.001057
0.001125
0.001283
0.001511
0.001763
0.001977
0.002093
0.002095
0.002024
0.001952
0.001940
0.002026
0.002225
0.002538
0.002987
0.003655
0.004739
0.006556
0.000000
0.000000
0.000000
0.000000
0.000000
0.000000
0.000000
0.000000
0.000000
0.000000
0.000000
0.001178
0.001132
0.001182
0.001311
0.001495
0.001699
0.001878
0.001994
0.002034
0.002023
0.002009
0.002043
0.002161
0.002384
0.002728
0.003234
0.004016
0.005307
0.007474
0.000000
0.000000
0.000000
0.000000
0.000000
0.000000
0.000000
0.000000
0.000000
0.000000
0.000000
0.001368
0.001317
0.001347
0.001440
0.001576
0.001735
0.001895
0.002030
0.002124
0.002179
0.002218
0.002285
0.002423
0.002670
0.003071
0.003702
0.004713
0.006375
0.009081
0.000000
0.000000
0.000000
0.000000
0.000000
0.000000
0.000000
0.000000
0.000000
0.000000
0.000000
0.001636
0.001588
0.001600
0.001662
0.001769
0.001919
0.002107
0.002313
0.002501
0.002637
0.002716
0.002776
0.002885
0.003121
0.003573
0.004368
0.005714
0.007931
0.011409
0.000000
0.000000
0.000000
0.000000
0.000000
0.000000
0.000000
0.000000
0.000000
0.000000
0.000000
0.001931
0.001891
0.001899
0.001958
0.002086
0.002301
0.002616
0.003004
0.003386
0.003655
0.003752
0.003725
0.003705
0.003844
0.004298
0.005255
0.006999
0.009923
0.014399
0.000000
0.000000
0.000000
0.000000
0.000000
0.000000
0.000000
0.000000
0.000000
0.000000
0.000000
0.002214
0.002183
0.002213
0.002325
0.002558
0.002964
0.003577
0.004361
0.005150
0.005677
0.005769
0.005512
0.005190
0.005098
0.005475
0.006570
0.008743
0.012463
0.018078
0.000000
0.000000
0.000000
0.000000
0.000000
0.000000
0.000000
0.000000
0.000000
0.000000
0.000000
0.002506
0.002495
0.002584
0.002816
0.003264
0.004024
0.005183
0.006698
0.008248
0.009273
0.009379
0.008730
0.007891
0.007404
0.007625
0.008856
0.011503
0.016065
0.022789
0.000000
0.000000
0.000000
0.000000
0.000000
0.000000
0.000000
0.000000
0.000000
0.000000
0.000000
0.002893
0.002931
0.003127
0.003552
0.004326
0.005613
0.007568
0.010141
0.012821
0.014671
0.014999
0.014009
0.012599
0.011643
0.011685
0.013097
0.016280
0.021627
0.029117
0.000000
0.000000
0.000000
0.000000
0.000000
0.000000
0.000000
0.000000
0.000000
0.000000
0.000000
0.000000
0.000000
0.000000
0.000000
0.000000
0.000000
0.000000
0.000000
0.000000
0.000000
0.000000
0.000000
0.000000
0.000000
0.000000
0.000000
0.000000
0.000000
0.000000
0.000000
0.000000
0.000000
0.000000
0.000000
0.000000
0.000000
0.000000
0.000000
0.000000
0.000000
0.000000
0.000000
0.000000
0.000000
0.000000
0.000000
0.000000
0.000000
0.000000
0.000000
0.000000
0.000000
0.000000
0.000000
0.000000
0.000000
0.000000
0.000000
0.000000
0.000000
0.000000
0.000000
0.000000
0.000000
0.000000
0.000000
0.000000
0.000000
0.000000
0.000000
0.000000
0.000000
0.000000
0.000000
0.000000
0.000000
0.000000
0.000000
0.000000
0.000000
0.000000
0.000000
0.000000
0.000000
0.000000
0.000000
0.000000
0.000000
0.000000
0.000000
0.000000
0.000000
0.000000
0.000000
0.000000
0.000000
0.000000
0.000000
0.000000
0.000000
0.000000
0.000000
0.000000
0.000000
0.000000
0.000000
0.000000
0.000000
0.000000
0.000000
0.000000
0.000000
0.000000
0.000000
0.000000
0.000000
0.000000
0.000000
0.000000
0.000000
0.000000
0.000000
0.000000
0.000000
0.000000
0.000000
0.000000
0.000000
0.000000
0.000000
0.000000
0.000000
0.000000
0.000000
0.000000
0.000000
0.000000
0.000000
0.000000
0.000000
0.000000
0.000000
0.000000
0.000000
0.000000
0.000000
0.000000
0.000000
0.000000
0.000000
0.000000
0.000000
0.000000
0.000000
0.000000
0.000000
0.000000
0.000000
0.000000
0.000000
0.000000
0.000000
0.000000
0.000000
0.000000
0.000000
0.000000
0.000000
0.000000
0.000000
0.000000
0.000000
0.000000
0.000000
0.000000
0.000000
0.000000
0.000000
0.000000
0.000000
0.000000
0.000000
0.000000
0.000000
0.000000
0.000000
0.000000
0.000000
0.000000
0.000000
0.000000
0.000000
0.000000
0.000000
0.000000
0.000000
0.000000
0.000000
0.000000
0.000000
0.000000
0.000000
0.000000
0.000000
0.000000
0.000000
0.000000
0.000000
0.000000
0.000000
0.000000
0.000000
0.000000
0.000000
0.000000
0.000000
0.000000
0.000000
0.000000
0.000000
0.000000
0.000000
0.000000
0.000000
0.000000
0.000000
0.000000
0.000000
0.000000
0.000000
0.000000
0.000000
0.000000
0.000000
0.000000
0.000000
0.000000
0.000000
0.000000
0.000000
0.000000
0.000000
0.000000
0.000000
0.000000
0.000000
0.000000
0.000000
0.000000
0.000000
0.000000
0.000000
0.000000
0.000000
0.000000
0.000000
0.000000
0.000000
0.000000
0.000000
0.000000
0.000000
0.000000
0.000000
0.000000
0.000000
0.000000
0.000000
0.000000
0.000000
0.000000
0.000000
0.000000
0.000000
0.000000
0.000000
0.000000
0.000000
0.000000
0.000000
0.000000
0.000000
0.000000
0.000000
0.000000
0.000000
0.000000
0.000000
0.000000
0.000000
0.000000
0.000000
0.000000
0.000000
0.000000
0.000000
0.000000
0.000000
0.000000
0.000000
0.000000
0.000000
0.000000
0.000000
0.000000
0.000000
0.000000
0.000000
0.000000
0.000000
0.000000
0.000000
0.000000
0.000000
0.000000
0.000000
0.000000
0.000000
0.000000
0.000000
0.000000
0.000000
0.000000
0.000000
0.000000
0.000000
0.000000
0.000000
0.000000
0.000000
0.000000
0.000000
0.000000
0.000000
0.000000
0.000000
0.000000
0.000000
0.000000
0.000000
0.002198
0.002136
0.002045
0.001928
0.001810
0.001716
0.001660
0.001643
0.001655
0.001687
0.001740
0.001827
0.001973
0.002202
0.002526
0.002935
0.003389
0.003833
0.004228
0.000000
0.000000
0.000000
0.000000
0.000000
0.000000
0.000000
0.000000
0.000000
0.000000
0.000000
0.001905
0.001821
0.001720
0.001614
0.001527
0.001482
0.001486
0.001531
0.001594
0.001651
0.001695
0.001746
0.001841
0.002017
0.002298
0.002686
0.003149
0.003633
0.004090
0.000000
0.000000
0.000000
0.000000
0.000000
0.000000
0.000000
0.000000
0.000000
0.000000
0.000000
0.001603
0.001486
0.001376
0.001286
0.001238
0.001249
0.001322
0.001443
0.001574
0.001671
0.001713
0.001727
0.001763
0.001875
0.002096
0.002437
0.002881
0.003391
0.003926
0.000000
0.000000
0.000000
0.000000
0.000000
0.000000
0.000000
0.000000
0.000000
0.000000
0.000000
0.001368
0.001231
0.001117
0.001040
0.001018
0.001063
0.001183
0.001361
0.001550
0.001688
0.001738
0.001728
0.001726
0.001796
0.001978
0.002288
0.002721
0.003255
0.003864
0.000000
0.000000
0.000000
0.000000
0.000000
0.000000
0.000000
0.000000
0.000000
0.000000
0.000000
0.001232
0.001095
0.000984
0.000913
0.000899
0.000955
0.001088
0.001285
0.001499
0.001658
0.001722
0.001718
0.001718
0.001790
0.001978
0.002298
0.002749
0.003316
0.003988
0.000000
0.000000
0.000000
0.000000
0.000000
0.000000
0.000000
0.000000
0.000000
0.000000
0.000000
0.001184
0.001062
0.000961
0.000893
0.000877
0.000927
0.001049
0.001232
0.001432
0.001587
0.001664
0.001689
0.001730
0.001849
0.002087
0.002459
0.002958
0.003570
0.004295
0.000000
0.000000
0.000000
0.000000
0.000000
0.000000
0.000000
0.000000
0.000000
0.000000
0.000000
0.001184
0.001090
0.001007
0.000947
0.000928
0.000967
0.001067
0.001218
0.001383
0.001515
0.001596
0.001656
0.001753
0.001941
0.002252
0.002693
0.003247
0.003904
0.004676
0.000000
0.000000
0.000000
0.000000
0.000000
0.000000
0.000000
0.000000
0.000000
0.000000
0.000000
0.001179
0.001116
0.001061
0.001021
0.001010
0.001045
0.001129
0.001250
0.001377
0.001480
0.001556
0.001638
0.001778
0.002019
0.002383
0.002866
0.003447
0.004130
0.004960
0.000000
0.000000
0.000000
0.000000
0.000000
0.000000
0.000000
0.000000
0.000000
0.000000
0.000000
0.001134
0.001089
0.001063
0.001053
0.001069
0.001120
0.001206
0.001314
0.001417
0.001496
0.001559
0.001643
0.001794
0.002046
0.002412
0.002880
0.003440
0.004130
0.005043
0.000000
0.000000
0.000000
0.000000
0.000000
0.000000
0.000000
0.000000
0.000000
0.000000
0.000000
0.001055
0.001009
0.000999
0.001020
0.001071
0.001154
0.001263
0.001381
0.001481
0.001547
0.001596
0.001666
0.001801
0.002030
0.002357
0.002774
0.003293
0.003991
0.005013
0.000000
0.000000
0.000000
0.000000
0.000000
0.000000
0.000000
0.000000
0.000000
0.000000
0.000000
0.000984
0.000926
0.000918
0.000955
0.001031
0.001144
0.001282
0.001422
0.001533
0.001600
0.001641
0.001698
0.001815
0.002018
0.002312
0.002697
0.003205
0.003945
0.005103
0.000000
0.000000
0.000000
0.000000
0.000000
0.000000
0.000000
0.000000
0.000000
0.000000
0.000000
0.000967
0.000893
0.000879
0.000917
0.000999
0.001123
0.001275
0.001430
0.001555
0.001632
0.001679
0.001741
0.001863
0.002073
0.002384
0.002803
0.003376
0.004228
0.005576
0.000000
0.000000
0.000000
0.000000
0.000000
0.000000
0.000000
0.000000
0.000000
0.000000
0.000000
0.001031
0.000947
0.000922
0.000949
0.001021
0.001134
0.001279
0.001432
0.001562
0.001654
0.001723
0.001813
0.001975
0.002247
0.002652
0.003205
0.003958
0.005039
0.006665
0.000000
0.000000
0.000000
0.000000
0.000000
0.000000
0.000000
0.000000
0.000000
0.000000
0.000000
0.001189
0.001101
0.001065
0.001073
0.001122
0.001211
0.001335
0.001477
0.001610
0.001719
0.001818
0.001955
0.002188
0.002573
0.003154
0.003963
0.005048
0.006514
0.008532
0.000000
0.000000
0.000000
0.000000
0.000000
0.000000
0.000000
0.000000
0.000000
0.000000
0.000000
0.001430
0.001349
0.001304
0.001291
0.001314
0.001380
0.001488
0.001627
0.001771
0.001904
0.002040
0.002230
0.002546
0.003072
0.003886
0.005050
0.006613
0.008628
0.011150
0.000000
0.000000
0.000000
0.000000
0.000000
0.000000
0.000000
0.000000
0.000000
0.000000
0.000000
0.001716
0.001650
0.001605
0.001584
0.001597
0.001662
0.001784
0.001953
0.002139
0.002317
0.002497
0.002734
0.003123
0.003777
0.004817
0.006350
0.008440
0.011084
0.014197
0.000000
0.000000
0.000000
0.000000
0.000000
0.000000
0.000000
0.000000
0.000000
0.000000
0.000000
0.002002
0.001953
0.001926
0.001926
0.001972
0.002088
0.002286
0.002551
0.002840
0.003108
0.003348
0.003624
0.004055
0.004788
0.005983
0.007792
0.010316
0.013536
0.017262
0.000000
0.000000
0.000000
0.000000
0.000000
0.000000
0.000000
0.000000
0.000000
0.000000
0.000000
0.002286
0.002253
0.002264
0.002326
0.002465
0.002709
0.003075
0.003540
0.004036
0.004473
0.004814
0.005129
0.005569
0.006326
0.007596
0.009567
0.012375
0.016018
0.020266
0.000000
0.000000
0.000000
0.000000
0.000000
0.000000
0.000000
0.000000
0.000000
0.000000
0.000000
0.002619
0.002612
0.002683
0.002849
0.003142
0.003599
0.004239
0.005031
0.005866
0.006593
0.007126
0.007526
0.007988
0.008756
0.010070
0.012143
0.015123
0.019009
0.023548
0.000000
0.000000
0.000000
0.000000
0.000000
0.000000
0.000000
0.000000
0.000000
0.000000
0.000000
0.000000
0.000000
0.000000
0.000000
0.000000
0.000000
0.000000
0.000000
0.000000
0.000000
0.000000
0.000000
0.000000
0.000000
0.000000
0.000000
0.000000
0.000000
0.000000
0.000000
0.000000
0.000000
0.000000
0.000000
0.000000
0.000000
0.000000
0.000000
0.000000
0.000000
0.000000
0.000000
0.000000
0.000000
0.000000
0.000000
0.000000
0.000000
0.000000
0.000000
0.000000
0.000000
0.000000
0.000000
0.000000
0.000000
0.000000
0.000000
0.000000
0.000000
0.000000
0.000000
0.000000
0.000000
0.000000
0.000000
0.000000
0.000000
0.000000
0.000000
0.000000
0.000000
0.000000
0.000000
0.000000
0.000000
0.000000
0.000000
0.000000
0.000000
0.000000
0.000000
0.000000
0.000000
0.000000
0.000000
0.000000
0.000000
0.000000
0.000000
0.000000
0.000000
0.000000
0.000000
0.000000
0.000000
0.000000
0.000000
0.000000
0.000000
0.000000
0.000000
0.000000
0.000000
0.000000
0.000000
0.000000
0.000000
0.000000
0.000000
0.000000
0.000000
0.000000
0.000000
0.000000
0.000000
0.000000
0.000000
0.000000
0.000000
0.000000
0.000000
0.000000
0.000000
0.000000
0.000000
0.000000
0.000000
0.000000
0.000000
0.000000
0.000000
0.000000
0.000000
0.000000
0.000000
0.000000
0.000000
0.000000
0.000000
0.000000
0.000000
0.000000
0.000000
0.000000
0.000000
0.000000
0.000000
0.000000
0.000000
0.000000
0.000000
0.000000
0.000000
0.000000
0.000000
0.000000
0.000000
0.000000
0.000000
0.000000
0.000000
0.000000
0.000000
0.000000
0.000000
0.000000
0.000000
0.000000
0.000000
0.000000
0.000000
0.000000
0.000000
0.000000
0.000000
0.000000
0.000000
0.000000
0.000000
0.000000
0.000000
0.000000
0.000000
0.000000
0.000000
0.000000
0.000000
0.000000
0.000000
0.000000
0.000000
0.000000
0.000000
0.000000
0.000000
0.000000
0.000000
0.000000
0.000000
0.000000
0.000000
0.000000
0.000000
0.000000
0.000000
0.000000
0.000000
0.000000
0.000000
0.000000
0.000000
0.000000
0.000000
0.000000
0.000000
0.000000
0.000000
0.000000
0.000000
0.000000
0.000000
0.000000
0.000000
0.000000
0.000000
0.000000
0.000000
0.000000
0.000000
0.000000
0.000000
0.000000
0.000000
0.000000
0.000000
0.000000
0.000000
0.000000
0.000000
0.000000
0.000000
0.000000
0.000000
0.000000
0.000000
0.000000
0.000000
0.000000
0.000000
0.000000
0.000000
0.000000
0.000000
0.000000
0.000000
0.000000
0.000000
0.000000
0.000000
0.000000
0.000000
0.000000
0.000000
0.000000
0.000000
0.000000
0.000000
0.000000
0.000000
0.000000
0.000000
0.000000
0.000000
0.000000
0.000000
0.000000
0.000000
0.000000
0.000000
0.000000
0.000000
0.000000
0.000000
0.000000
0.000000
0.000000
0.000000
0.000000
0.000000
0.000000
0.000000
0.000000
0.000000
0.000000
0.000000
0.000000
0.000000
0.000000
0.000000
0.000000
0.000000
0.000000
0.000000
0.000000
0.000000
0.000000
0.000000
0.000000
0.000000
0.000000
0.000000
0.000000
0.000000
0.000000
0.000000
0.000000
0.000000
0.000000
0.000000
0.000000
0.000000
0.000000
0.000000
0.000000
0.000000
0.000000
0.000000
0.000000
0.000000
0.000000
0.000000
0.000000
0.000000
0.000000
0.000000
0.000000
0.000000
0.000000
0.000000
0.002335
0.002260
0.002140
0.001990
0.001847
0.001750
0.001722
0.001767
0.001875
0.002026
0.002201
0.002398
0.002636
0.002948
0.003355
0.003853
0.004392
0.004890
0.005278
0.000000
0.000000
0.000000
0.000000
0.000000
0.000000
0.000000
0.000000
0.000000
0.000000
0.000000
0.002004
0.001919
0.001805
0.001675
0.001564
0.001507
0.001522
0.001612
0.001758
0.001931
0.002100
0.002263
0.002449
0.002706
0.003074
0.003561
0.004123
0.004675
0.005129
0.000000
0.000000
0.000000
0.000000
0.000000
0.000000
0.000000
0.000000
0.000000
0.000000
0.000000
0.001654
0.001550
0.001445
0.001348
0.001282
0.001272
0.001331
0.001461
0.001638
0.001822
0.001975
0.002096
0.002225
0.002419
0.002730
0.003177
0.003732
0.004324
0.004870
0.000000
0.000000
0.000000
0.000000
0.000000
0.000000
0.000000
0.000000
0.000000
0.000000
0.000000
0.001367
0.001251
0.001156
0.001086
0.001051
0.001069
0.001151
0.001294
0.001477
0.001656
0.001793
0.001889
0.001989
0.002153
0.002434
0.002856
0.003404
0.004024
0.004653
0.000000
0.000000
0.000000
0.000000
0.000000
0.000000
0.000000
0.000000
0.000000
0.000000
0.000000
0.001176
0.001061
0.000977
0.000920
0.000897
0.000919
0.000995
0.001124
0.001286
0.001446
0.001574
0.001674
0.001786
0.001966
0.002261
0.002693
0.003253
0.003900
0.004586
0.000000
0.000000
0.000000
0.000000
0.000000
0.000000
0.000000
0.000000
0.000000
0.000000
0.000000
0.001072
0.000968
0.000893
0.000840
0.000815
0.000826
0.000881
0.000981
0.001112
0.001251
0.001378
0.001500
0.001652
0.001879
0.002221
0.002693
0.003283
0.003954
0.004676
0.000000
0.000000
0.000000
0.000000
0.000000
0.000000
0.000000
0.000000
0.000000
0.000000
0.000000
0.001025
0.000935
0.000868
0.000816
0.000784
0.000781
0.000816
0.000891
0.000998
0.001122
0.001254
0.001403
0.001598
0.001877
0.002271
0.002787
0.003403
0.004088
0.004834
0.000000
0.000000
0.000000
0.000000
0.000000
0.000000
0.000000
0.000000
0.000000
0.000000
0.000000
0.000995
0.000918
0.000859
0.000811
0.000777
0.000769
0.000796
0.000862
0.000961
0.001082
0.001222
0.001389
0.001610
0.001919
0.002338
0.002863
0.003475
0.004159
0.004939
0.000000
0.000000
0.000000
0.000000
0.000000
0.000000
0.000000
0.000000
0.000000
0.000000
0.000000
0.000959
0.000886
0.000833
0.000793
0.000770
0.000772
0.000810
0.000886
0.000995
0.001126
0.001271
0.001440
0.001659
0.001957
0.002351
0.002841
0.003417
0.004097
0.004940
0.000000
0.000000
0.000000
0.000000
0.000000
0.000000
0.000000
0.000000
0.000000
0.000000
0.000000
0.000916
0.000839
0.000788
0.000759
0.000752
0.000776
0.000840
0.000944
0.001078
0.001224
0.001369
0.001521
0.001709
0.001964
0.002306
0.002744
0.003289
0.003989
0.004932
0.000000
0.000000
0.000000
0.000000
0.000000
0.000000
0.000000
0.000000
0.000000
0.000000
0.000000
0.000889
0.000803
0.000750
0.000727
0.000735
0.000782
0.000874
0.001009
0.001170
0.001328
0.001465
0.001591
0.001742
0.001958
0.002271
0.002697
0.003264
0.004035
0.005119
0.000000
0.000000
0.000000
0.000000
0.000000
0.000000
0.000000
0.000000
0.000000
0.000000
0.000000
0.000906
0.000810
0.000752
0.000728
0.000742
0.000800
0.000909
0.001063
0.001237
0.001396
0.001521
0.001630
0.001772
0.001997
0.002347
0.002849
0.003534
0.004464
0.005746
0.000000
0.000000
0.000000
0.000000
0.000000
0.000000
0.000000
0.000000
0.000000
0.000000
0.000000
0.000988
0.000885
0.000819
0.000787
0.000795
0.000850
0.000956
0.001106
0.001273
0.001422
0.001543
0.001664
0.001843
0.002147
0.002631
0.003335
0.004283
0.005505
0.007054
0.000000
0.000000
0.000000
0.000000
0.000000
0.000000
0.000000
0.000000
0.000000
0.000000
0.000000
0.001141
0.001037
0.000962
0.000917
0.000908
0.000946
0.001035
0.001166
0.001314
0.001453
0.001584
0.001747
0.002012
0.002468
0.003202
0.004272
0.005678
0.007355
0.009226
0.000000
0.000000
0.000000
0.000000
0.000000
0.000000
0.000000
0.000000
0.000000
0.000000
0.000000
0.001349
0.001253
0.001173
0.001113
0.001085
0.001103
0.001171
0.001282
0.001417
0.001558
0.001718
0.001948
0.002339
0.003013
0.004104
0.005697
0.007737
0.009997
0.012192
0.000000
0.000000
0.000000
0.000000
0.000000
0.000000
0.000000
0.000000
0.000000
0.000000
0.000000
0.001578
0.001493
0.001417
0.001354
0.001318
0.001328
0.001390
0.001502
0.001646
0.001814
0.002025
0.002346
0.002891
0.003820
0.005309
0.007461
0.010152
0.012975
0.015447
0.000000
0.000000
0.000000
0.000000
0.000000
0.000000
0.000000
0.000000
0.000000
0.000000
0.000000
0.001795
0.001718
0.001657
0.001612
0.001598
0.001632
0.001726
0.001877
0.002072
0.002304
0.002600
0.003036
0.003745
0.004911
0.006725
0.009276
0.012387
0.015574
0.018279
0.000000
0.000000
0.000000
0.000000
0.000000
0.000000
0.000000
0.000000
0.000000
0.000000
0.000000
0.002012
0.001937
0.001901
0.001898
0.001941
0.002045
0.002221
0.002468
0.002772
0.003122
0.003543
0.004117
0.004983
0.006320
0.008299
0.010976
0.014176
0.017470
0.020365
0.000000
0.000000
0.000000
0.000000
0.000000
0.000000
0.000000
0.000000
0.000000
0.000000
0.000000
0.002286
0.002218
0.002214
0.002273
0.002402
0.002617
0.002928
0.003332
0.003809
0.004338
0.004934
0.005669
0.006673
0.008107
0.010104
0.012701
0.015764
0.018981
0.021978
0.000000
0.000000
0.000000
0.000000
0.000000
0.000000
0.000000
0.000000
0.000000
0.000000
0.000000
0.000000
0.000000
0.000000
0.000000
0.000000
0.000000
0.000000
0.000000
0.000000
0.000000
0.000000
0.000000
0.000000
0.000000
0.000000
0.000000
0.000000
0.000000
0.000000
0.000000
0.000000
0.000000
0.000000
0.000000
0.000000
0.000000
0.000000
0.000000
0.000000
0.000000
0.000000
0.000000
0.000000
0.000000
0.000000
0.000000
0.000000
0.000000
0.000000
0.000000
0.000000
0.000000
0.000000
0.000000
0.000000
0.000000
0.000000
0.000000
0.000000
0.000000
0.000000
0.000000
0.000000
0.000000
0.000000
0.000000
0.000000
0.000000
0.000000
0.000000
0.000000
0.000000
0.000000
0.000000
0.000000
0.000000
0.000000
0.000000
0.000000
0.000000
0.000000
0.000000
0.000000
0.000000
0.000000
0.000000
0.000000
0.000000
0.000000
0.000000
0.000000
0.000000
0.000000
0.000000
0.000000
0.000000
0.000000
0.000000
0.000000
0.000000
0.000000
0.000000
0.000000
0.000000
0.000000
0.000000
0.000000
0.000000
0.000000
0.000000
0.000000
0.000000
0.000000
0.000000
0.000000
0.000000
0.000000
0.000000
0.000000
0.000000
0.000000
0.000000
0.000000
0.000000
0.000000
0.000000
0.000000
0.000000
0.000000
0.000000
0.000000
0.000000
0.000000
0.000000
0.000000
0.000000
0.000000
0.000000
0.000000
0.000000
0.000000
0.000000
0.000000
0.000000
0.000000
0.000000
0.000000
0.000000
0.000000
0.000000
0.000000
0.000000
0.000000
0.000000
0.000000
0.000000
0.000000
0.000000
0.000000
0.000000
0.000000
0.000000
0.000000
0.000000
0.000000
0.000000
0.000000
0.000000
0.000000
0.000000
0.000000
0.000000
0.000000
0.000000
0.000000
0.000000
0.000000
0.000000
0.000000
0.000000
0.000000
0.000000
0.000000
0.000000
0.000000
0.000000
0.000000
0.000000
0.000000
0.000000
0.000000
0.000000
0.000000
0.000000
0.000000
0.000000
0.000000
0.000000
0.000000
0.000000
0.000000
0.000000
0.000000
0.000000
0.000000
0.000000
0.000000
0.000000
0.000000
0.000000
0.000000
0.000000
0.000000
0.000000
0.000000
0.000000
0.000000
0.000000
0.000000
0.000000
0.000000
0.000000
0.000000
0.000000
0.000000
0.000000
0.000000
0.000000
0.000000
0.000000
0.000000
0.000000
0.000000
0.000000
0.000000
0.000000
0.000000
0.000000
0.000000
0.000000
0.000000
0.000000
0.000000
0.000000
0.000000
0.000000
0.000000
0.000000
0.000000
0.000000
0.000000
0.000000
0.000000
0.000000
0.000000
0.000000
0.000000
0.000000
0.000000
0.000000
0.000000
0.000000
0.000000
0.000000
0.000000
0.000000
0.000000
0.000000
0.000000
0.000000
0.000000
0.000000
0.000000
0.000000
0.000000
0.000000
0.000000
0.000000
0.000000
0.000000
0.000000
0.000000
0.000000
0.000000
0.000000
0.000000
0.000000
0.000000
0.000000
0.000000
0.000000
0.000000
0.000000
0.000000
0.000000
0.000000
0.000000
0.000000
0.000000
0.000000
0.000000
0.000000
0.000000
0.000000
0.000000
0.000000
0.000000
0.000000
0.000000
0.000000
0.000000
0.000000
0.000000
0.000000
0.000000
0.000000
0.000000
0.000000
0.000000
0.000000
0.000000
0.000000
0.000000
0.000000
0.000000
0.000000
0.000000
0.000000
0.000000
0.000000
0.000000
0.000000
0.000000
0.000000
0.000000
0.000000
0.000000
0.000000
0.000000
0.000000
0.002243
0.002130
0.002015
0.001896
0.001794
0.001737
0.001750
0.001846
0.002026
0.002275
0.002569
0.002884
0.003213
0.003568
0.003966
0.004411
0.004883
0.005339
0.005743
0.000000
0.000000
0.000000
0.000000
0.000000
0.000000
0.000000
0.000000
0.000000
0.000000
0.000000
0.001908
0.001807
0.001716
0.001631
0.001563
0.001536
0.001574
0.001692
0.001888
0.002145
0.002431
0.002718
0.003005
0.003313
0.003676
0.004108
0.004593
0.005088
0.005549
0.000000
0.000000
0.000000
0.000000
0.000000
0.000000
0.000000
0.000000
0.000000
0.000000
0.000000
0.001591
0.001497
0.001437
0.001395
0.001371
0.001380
0.001441
0.001569
0.001761
0.001998
0.002246
0.002483
0.002715
0.002976
0.003304
0.003720
0.004216
0.004754
0.005292
0.000000
0.000000
0.000000
0.000000
0.000000
0.000000
0.000000
0.000000
0.000000
0.000000
0.000000
0.001329
0.001243
0.001207
0.001199
0.001207
0.001238
0.001306
0.001423
0.001587
0.001781
0.001982
0.002177
0.002380
0.002625
0.002951
0.003376
0.003894
0.004474
0.005083
0.000000
0.000000
0.000000
0.000000
0.000000
0.000000
0.000000
0.000000
0.000000
0.000000
0.000000
0.001138
0.001060
0.001038
0.001045
0.001066
0.001098
0.001152
0.001239
0.001361
0.001511
0.001677
0.001857
0.002067
0.002338
0.002699
0.003163
0.003720
0.004342
0.005003
0.000000
0.000000
0.000000
0.000000
0.000000
0.000000
0.000000
0.000000
0.000000
0.000000
0.000000
0.001011
0.000939
0.000921
0.000929
0.000944
0.000963
0.000994
0.001050
0.001138
0.001258
0.001409
0.001597
0.001838
0.002156
0.002574
0.003096
0.003702
0.004362
0.005057
0.000000
0.000000
0.000000
0.000000
0.000000
0.000000
0.000000
0.000000
0.000000
0.000000
0.000000
0.000930
0.000860
0.000838
0.000838
0.000840
0.000844
0.000858
0.000897
0.000970
0.001081
0.001235
0.001440
0.001715
0.002080
0.002552
0.003126
0.003772
0.004461
0.005182
0.000000
0.000000
0.000000
0.000000
0.000000
0.000000
0.000000
0.000000
0.000000
0.000000
0.000000
0.000876
0.000803
0.000773
0.000760
0.000753
0.000750
0.000763
0.000804
0.000881
0.001001
0.001168
0.001391
0.001688
0.002078
0.002575
0.003168
0.003830
0.004538
0.005296
0.000000
0.000000
0.000000
0.000000
0.000000
0.000000
0.000000
0.000000
0.000000
0.000000
0.000000
0.000838
0.000758
0.000717
0.000695
0.000683
0.000685
0.000710
0.000769
0.000867
0.001008
0.001192
0.001425
0.001722
0.002104
0.002584
0.003160
0.003816
0.004547
0.005374
0.000000
0.000000
0.000000
0.000000
0.000000
0.000000
0.000000
0.000000
0.000000
0.000000
0.000000
0.000818
0.000729
0.000677
0.000648
0.000637
0.000649
0.000694
0.000779
0.000907
0.001074
0.001271
0.001499
0.001772
0.002118
0.002561
0.003113
0.003776
0.004561
0.005497
0.000000
0.000000
0.000000
0.000000
0.000000
0.000000
0.000000
0.000000
0.000000
0.000000
0.000000
0.000828
0.000729
0.000667
0.000632
0.000622
0.000644
0.000707
0.000817
0.000972
0.001156
0.001354
0.001563
0.001804
0.002119
0.002548
0.003121
0.003850
0.004748
0.005838
0.000000
0.000000
0.000000
0.000000
0.000000
0.000000
0.000000
0.000000
0.000000
0.000000
0.000000
0.000881
0.000774
0.000702
0.000658
0.000645
0.000671
0.000743
0.000867
0.001032
0.001218
0.001404
0.001593
0.001823
0.002149
0.002632
0.003314
0.004210
0.005314
0.006607
0.000000
0.000000
0.000000
0.000000
0.000000
0.000000
0.000000
0.000000
0.000000
0.000000
0.000000
0.000984
0.000873
0.000791
0.000736
0.000713
0.000733
0.000803
0.000923
0.001080
0.001252
0.001425
0.001614
0.001872
0.002275
0.002903
0.003820
0.005030
0.006462
0.008003
0.000000
0.000000
0.000000
0.000000
0.000000
0.000000
0.000000
0.000000
0.000000
0.000000
0.000000
0.001129
0.001019
0.000930
0.000862
0.000827
0.000834
0.000891
0.000997
0.001137
0.001294
0.001467
0.001684
0.002017
0.002566
0.003447
0.004747
0.006438
0.008323
0.010124
0.000000
0.000000
0.000000
0.000000
0.000000
0.000000
0.000000
0.000000
0.000000
0.000000
0.000000
0.001294
0.001188
0.001096
0.001022
0.000977
0.000974
0.001020
0.001113
0.001244
0.001402
0.001596
0.001874
0.002326
0.003088
0.004317
0.006122
0.008405
0.010788
0.012794
0.000000
0.000000
0.000000
0.000000
0.000000
0.000000
0.000000
0.000000
0.000000
0.000000
0.000000
0.001449
0.001343
0.001257
0.001190
0.001151
0.001152
0.001203
0.001304
0.001448
0.001634
0.001883
0.002256
0.002868
0.003885
0.005498
0.007802
0.010604
0.013364
0.015483
0.000000
0.000000
0.000000
0.000000
0.000000
0.000000
0.000000
0.000000
0.000000
0.000000
0.000000
0.001586
0.001473
0.001399
0.001355
0.001344
0.001377
0.001462
0.001603
0.001797
0.002050
0.002391
0.002895
0.003692
0.004960
0.006879
0.009491
0.012529
0.015415
0.017584
0.000000
0.000000
0.000000
0.000000
0.000000
0.000000
0.000000
0.000000
0.000000
0.000000
0.000000
0.001740
0.001618
0.001558
0.001547
0.001584
0.001674
0.001827
0.002046
0.002333
0.002696
0.003168
0.003829
0.004805
0.006257
0.008314
0.010955
0.013908
0.016696
0.018896
0.000000
0.000000
0.000000
0.000000
0.000000
0.000000
0.000000
0.000000
0.000000
0.000000
0.000000
0.001980
0.001856
0.001812
0.001839
0.001932
0.002096
0.002339
0.002666
0.003078
0.003583
0.004210
0.005031
0.006152
0.007694
0.009731
0.012211
0.014916
0.017515
0.019723
0.000000
0.000000
0.000000
0.000000
0.000000
0.000000
0.000000
0.000000
0.000000
0.000000
0.000000
0.000000
0.000000
0.000000
0.000000
0.000000
0.000000
0.000000
0.000000
0.000000
0.000000
0.000000
0.000000
0.000000
0.000000
0.000000
0.000000
0.000000
0.000000
0.000000
0.000000
0.000000
0.000000
0.000000
0.000000
0.000000
0.000000
0.000000
0.000000
0.000000
0.000000
0.000000
0.000000
0.000000
0.000000
0.000000
0.000000
0.000000
0.000000
0.000000
0.000000
0.000000
0.000000
0.000000
0.000000
0.000000
0.000000
0.000000
0.000000
0.000000
0.000000
0.000000
0.000000
0.000000
0.000000
0.000000
0.000000
0.000000
0.000000
0.000000
0.000000
0.000000
0.000000
0.000000
0.000000
0.000000
0.000000
0.000000
0.000000
0.000000
0.000000
0.000000
0.000000
0.000000
0.000000
0.000000
0.000000
0.000000
0.000000
0.000000
0.000000
0.000000
0.000000
0.000000
0.000000
0.000000
0.000000
0.000000
0.000000
0.000000
0.000000
0.000000
0.000000
0.000000
0.000000
0.000000
0.000000
0.000000
0.000000
0.000000
0.000000
0.000000
0.000000
0.000000
0.000000
0.000000
0.000000
0.000000
0.000000
0.000000
0.000000
0.000000
0.000000
0.000000
0.000000
0.000000
0.000000
0.000000
0.000000
0.000000
0.000000
0.000000
0.000000
0.000000
0.000000
0.000000
0.000000
0.000000
0.000000
0.000000
0.000000
0.000000
0.000000
0.000000
0.000000
0.000000
0.000000
0.000000
0.000000
0.000000
0.000000
0.000000
0.000000
0.000000
0.000000
0.000000
0.000000
0.000000
0.000000
0.000000
0.000000
0.000000
0.000000
0.000000
0.000000
0.000000
0.000000
0.000000
0.000000
0.000000
0.000000
0.000000
0.000000
0.000000
0.000000
0.000000
0.000000
0.000000
0.000000
0.000000
0.000000
0.000000
0.000000
0.000000
0.000000
0.000000
0.000000
0.000000
0.000000
0.000000
0.000000
0.000000
0.000000
0.000000
0.000000
0.000000
0.000000
0.000000
0.000000
0.000000
0.000000
0.000000
0.000000
0.000000
0.000000
0.000000
0.000000
0.000000
0.000000
0.000000
0.000000
0.000000
0.000000
0.000000
0.000000
0.000000
0.000000
0.000000
0.000000
0.000000
0.000000
0.000000
0.000000
0.000000
0.000000
0.000000
0.000000
0.000000
0.000000
0.000000
0.000000
0.000000
0.000000
0.000000
0.000000
0.000000
0.000000
0.000000
0.000000
0.000000
0.000000
0.000000
0.000000
0.000000
0.000000
0.000000
0.000000
0.000000
0.000000
0.000000
0.000000
0.000000
0.000000
0.000000
0.000000
0.000000
0.000000
0.000000
0.000000
0.000000
0.000000
0.000000
0.000000
0.000000
0.000000
0.000000
0.000000
0.000000
0.000000
0.000000
0.000000
0.000000
0.000000
0.000000
0.000000
0.000000
0.000000
0.000000
0.000000
0.000000
0.000000
0.000000
0.000000
0.000000
0.000000
0.000000
0.000000
0.000000
0.000000
0.000000
0.000000
0.000000
0.000000
0.000000
0.000000
0.000000
0.000000
0.000000
0.000000
0.000000
0.000000
0.000000
0.000000
0.000000
0.000000
0.000000
0.000000
0.000000
0.000000
0.000000
0.000000
0.000000
0.000000
0.000000
0.000000
0.000000
0.000000
0.000000
0.000000
0.000000
0.000000
0.000000
0.000000
0.000000
0.000000
0.000000
0.000000
0.000000
0.000000
0.000000
0.000000
0.000000
0.000000
0.000000
0.000000
0.000000
0.000000
0.000000
0.000000
0.000000
0.000000
0.002188
0.002050
0.001950
0.001876
0.001830
0.001824
0.001876
0.002003
0.002212
0.002495
0.002832
0.003193
0.003553
0.003905
0.004256
0.004620
0.005009
0.005425
0.005869
0.000000
0.000000
0.000000
0.000000
0.000000
0.000000
0.000000
0.000000
0.000000
0.000000
0.000000
0.001866
0.001748
0.001681
0.001645
0.001632
0.001651
0.001719
0.001853
0.002064
0.002343
0.002669
0.003009
0.003339
0.003658
0.003980
0.004327
0.004715
0.005153
0.005644
0.000000
0.000000
0.000000
0.000000
0.000000
0.000000
0.000000
0.000000
0.000000
0.000000
0.000000
0.001593
0.001499
0.001470
0.001478
0.001506
0.001554
0.001635
0.001766
0.001958
0.002206
0.002492
0.002789
0.003081
0.003373
0.003681
0.004029
0.004432
0.004902
0.005442
0.000000
0.000000
0.000000
0.000000
0.000000
0.000000
0.000000
0.000000
0.000000
0.000000
0.000000
0.001370
0.001297
0.001299
0.001344
0.001406
0.001474
0.001555
0.001666
0.001820
0.002018
0.002253
0.002509
0.002782
0.003075
0.003405
0.003784
0.004225
0.004735
0.005321
0.000000
0.000000
0.000000
0.000000
0.000000
0.000000
0.000000
0.000000
0.000000
0.000000
0.000000
0.001196
0.001137
0.001155
0.001218
0.001293
0.001363
0.001428
0.001507
0.001617
0.001769
0.001964
0.002202
0.002483
0.002812
0.003196
0.003637
0.004136
0.004694
0.005317
0.000000
0.000000
0.000000
0.000000
0.000000
0.000000
0.000000
0.000000
0.000000
0.000000
0.000000
0.001064
0.001009
0.001028
0.001088
0.001155
0.001210
0.001253
0.001304
0.001384
0.001508
0.001688
0.001930
0.002239
0.002622
0.003077
0.003595
0.004164
0.004772
0.005425
0.000000
0.000000
0.000000
0.000000
0.000000
0.000000
0.000000
0.000000
0.000000
0.000000
0.000000
0.000966
0.000907
0.000914
0.000956
0.001003
0.001039
0.001067
0.001106
0.001178
0.001299
0.001482
0.001740
0.002082
0.002516
0.003038
0.003629
0.004263
0.004921
0.005604
0.000000
0.000000
0.000000
0.000000
0.000000
0.000000
0.000000
0.000000
0.000000
0.000000
0.000000
0.000896
0.000826
0.000815
0.000835
0.000861
0.000884
0.000910
0.000955
0.001037
0.001171
0.001370
0.001647
0.002014
0.002482
0.003046
0.003687
0.004371
0.005077
0.005804
0.000000
0.000000
0.000000
0.000000
0.000000
0.000000
0.000000
0.000000
0.000000
0.000000
0.000000
0.000853
0.000771
0.000741
0.000739
0.000750
0.000768
0.000802
0.000864
0.000967
0.001123
0.001341
0.001633
0.002010
0.002485
0.003062
0.003726
0.004452
0.005216
0.006013
0.000000
0.000000
0.000000
0.000000
0.000000
0.000000
0.000000
0.000000
0.000000
0.000000
0.000000
0.000841
0.000746
0.000700
0.000681
0.000682
0.000700
0.000745
0.000826
0.000953
0.001132
0.001366
0.001662
0.002032
0.002495
0.003069
0.003754
0.004534
0.005385
0.006290
0.000000
0.000000
0.000000
0.000000
0.000000
0.000000
0.000000
0.000000
0.000000
0.000000
0.000000
0.000865
0.000761
0.000699
0.000668
0.000660
0.000679
0.000732
0.000829
0.000975
0.001168
0.001407
0.001695
0.002050
0.002503
0.003091
0.003831
0.004714
0.005702
0.006753
0.000000
0.000000
0.000000
0.000000
0.000000
0.000000
0.000000
0.000000
0.000000
0.000000
0.000000
0.000931
0.000819
0.000745
0.000701
0.000684
0.000700
0.000756
0.000860
0.001012
0.001207
0.001439
0.001716
0.002065
0.002537
0.003188
0.004051
0.005115
0.006310
0.007541
0.000000
0.000000
0.000000
0.000000
0.000000
0.000000
0.000000
0.000000
0.000000
0.000000
0.000000
0.001035
0.000919
0.000835
0.000778
0.000751
0.000760
0.000812
0.000913
0.001060
0.001246
0.001468
0.001743
0.002113
0.002650
0.003430
0.004505
0.005846
0.007325
0.008757
0.000000
0.000000
0.000000
0.000000
0.000000
0.000000
0.000000
0.000000
0.000000
0.000000
0.000000
0.001163
0.001046
0.000956
0.000890
0.000853
0.000854
0.000899
0.000992
0.001130
0.001308
0.001530
0.001825
0.002251
0.002902
0.003880
0.005250
0.006952
0.008765
0.010390
0.000000
0.000000
0.000000
0.000000
0.000000
0.000000
0.000000
0.000000
0.000000
0.000000
0.000000
0.001292
0.001173
0.001083
0.001016
0.000978
0.000977
0.001021
0.001112
0.001250
0.001434
0.001678
0.002020
0.002539
0.003348
0.004572
0.006275
0.008352
0.010474
0.012246
0.000000
0.000000
0.000000
0.000000
0.000000
0.000000
0.000000
0.000000
0.000000
0.000000
0.000000
0.001405
0.001280
0.001194
0.001137
0.001112
0.001126
0.001185
0.001293
0.001453
0.001670
0.001963
0.002387
0.003030
0.004021
0.005489
0.007476
0.009818
0.012126
0.013978
0.000000
0.000000
0.000000
0.000000
0.000000
0.000000
0.000000
0.000000
0.000000
0.000000
0.000000
0.001511
0.001375
0.001295
0.001259
0.001263
0.001311
0.001408
0.001560
0.001772
0.002053
0.002432
0.002967
0.003754
0.004917
0.006561
0.008686
0.011095
0.013415
0.015292
0.000000
0.000000
0.000000
0.000000
0.000000
0.000000
0.000000
0.000000
0.000000
0.000000
0.000000
0.001651
0.001503
0.001431
0.001420
0.001463
0.001559
0.001715
0.001936
0.002230
0.002608
0.003101
0.003766
0.004693
0.005981
0.007695
0.009795
0.012092
0.014296
0.016161
0.000000
0.000000
0.000000
0.000000
0.000000
0.000000
0.000000
0.000000
0.000000
0.000000
0.000000
0.001888
0.001736
0.001674
0.001687
0.001769
0.001920
0.002144
0.002448
0.002838
0.003328
0.003946
0.004739
0.005780
0.007136
0.008836
0.010822
0.012941
0.014992
0.016812
0.000000
0.000000
0.000000
0.000000
0.000000
0.000000
0.000000
0.000000
0.000000
0.000000
0.000000
0.000000
0.000000
0.000000
0.000000
0.000000
0.000000
0.000000
0.000000
0.000000
0.000000
0.000000
0.000000
0.000000
0.000000
0.000000
0.000000
0.000000
0.000000
0.000000
0.000000
0.000000
0.000000
0.000000
0.000000
0.000000
0.000000
0.000000
0.000000
0.000000
0.000000
0.000000
0.000000
0.000000
0.000000
0.000000
0.000000
0.000000
0.000000
0.000000
0.000000
0.000000
0.000000
0.000000
0.000000
0.000000
0.000000
0.000000
0.000000
0.000000
0.000000
0.000000
0.000000
0.000000
0.000000
0.000000
0.000000
0.000000
0.000000
0.000000
0.000000
0.000000
0.000000
0.000000
0.000000
0.000000
0.000000
0.000000
0.000000
0.000000
0.000000
0.000000
0.000000
0.000000
0.000000
0.000000
0.000000
0.000000
0.000000
0.000000
0.000000
0.000000
0.000000
0.000000
0.000000
0.000000
0.000000
0.000000
0.000000
0.000000
0.000000
0.000000
0.000000
0.000000
0.000000
0.000000
0.000000
0.000000
0.000000
0.000000
0.000000
0.000000
0.000000
0.000000
0.000000
0.000000
0.000000
0.000000
0.000000
0.000000
0.000000
0.000000
0.000000
0.000000
0.000000
0.000000
0.000000
0.000000
0.000000
0.000000
0.000000
0.000000
0.000000
0.000000
0.000000
0.000000
0.000000
0.000000
0.000000
0.000000
0.000000
0.000000
0.000000
0.000000
0.000000
0.000000
0.000000
0.000000
0.000000
0.000000
0.000000
0.000000
0.000000
0.000000
0.000000
0.000000
0.000000
0.000000
0.000000
0.000000
0.000000
0.000000
0.000000
0.000000
0.000000
0.000000
0.000000
0.000000
0.000000
0.000000
0.000000
0.000000
0.000000
0.000000
0.000000
0.000000
0.000000
0.000000
0.000000
0.000000
0.000000
0.000000
0.000000
0.000000
0.000000
0.000000
